{
  "advancedEditorSelectedIdentifier" : "ProjectBrowser",
  "openSceneRelativePaths" : [
    "CatScene.usda",
    "Immersive.usda",
    "Immersive1.usda",
    "WaterAnimation1.usda",
    "TerrariumCloudScene.usda",
    "WaterAnimation.usda"
  ],
  "recentIdentifiers" : {
    "8D4D9BDD-9475-4751-BA36-EB144CD09C65" : [

    ],
    "10DEE5C1-0CD7-47D5-A968-8259B1C21F5B" : [

    ],
    "549D2E12-3E81-48FB-8E20-AFE009576E99" : [

    ],
    "638D3911-F403-4EA4-A913-761096C695F8" : [

    ],
    "6451D4E7-4FEA-464B-9985-27788B19DE26" : [

    ],
    "9087B341-A3F9-450C-BA96-405F8B9A381A" : [

    ],
    "AF09ED6F-1707-48FD-8720-65B998362C09" : [

    ],
    "D6110E10-EC76-4D18-A0FE-C2C74531B7B6" : [

    ]
  },
  "sceneCameraHistory" : {
    "5C4B42FB-9C95-410D-A28C-3834FF5BDDEF" : [
      {
        "date" : 735301809.732464,
        "title" : "Untitled",
        "transform" : [
          0.99998975,
          -1.2523316e-11,
          -0.00452327,
          0,
          -0.0009602937,
          0.9772044,
          -0.21229859,
          0,
          0.0044201594,
          0.21230078,
          0.97719437,
          0,
          0.012159542,
          0.5859229,
          2.6879828,
          1
        ]
      },
      {
        "date" : 735301753.250158,
        "title" : "Untitled",
        "transform" : [
          0.99998975,
          -1.2523316e-11,
          -0.00452327,
          0,
          -0.0009602937,
          0.9772044,
          -0.21229859,
          0,
          0.0044201594,
          0.21230078,
          0.97719437,
          0,
          0.012159542,
          0.5859229,
          2.6879828,
          1
        ]
      },
      {
        "date" : 735301749.996754,
        "title" : "Untitled",
        "transform" : [
          1,
          0,
          0,
          0,
          0,
          0.86610043,
          -0.4998701,
          0,
          0,
          0.4998701,
          0.86610043,
          0,
          9.460128e-07,
          1.3768516,
          2.3818028,
          1
        ]
      },
      {
        "date" : 735301693.809812,
        "title" : "Untitled",
        "transform" : [
          1,
          0,
          -0,
          0,
          -0,
          0.86610043,
          -0.4998701,
          0,
          0,
          0.4998701,
          0.86610043,
          0,
          1.5497207e-06,
          2.2554994,
          3.9017677,
          1
        ]
      }
    ],
    "8D4D9BDD-9475-4751-BA36-EB144CD09C65" : [
      {
        "date" : 735386922.279592,
        "title" : "Untitled",
        "transform" : [
          0.9999935,
          0,
          0.0035858075,
          0,
          0.0017929064,
          0.86602503,
          -0.4999975,
          0,
          -0.0031053992,
          0.5000007,
          0.8660194,
          0,
          -0.025942465,
          2.927827,
          1.344145,
          1
        ]
      },
      {
        "date" : 735386917.948513,
        "title" : "Untitled",
        "transform" : [
          0.9999935,
          0,
          0.0035858075,
          0,
          0.0017929064,
          0.86602503,
          -0.4999975,
          0,
          -0.0031053992,
          0.5000007,
          0.8660194,
          0,
          -0.09634697,
          6.8027644,
          7.705852,
          1
        ]
      },
      {
        "date" : 735386886.326558,
        "title" : "Untitled",
        "transform" : [
          0.9999935,
          0,
          0.0035858075,
          0,
          0.0017929064,
          0.86602503,
          -0.4999975,
          0,
          -0.0031053992,
          0.5000007,
          0.8660194,
          0,
          -0.016380135,
          2.4015334,
          0.48009872,
          1
        ]
      },
      {
        "date" : 735386867.411075,
        "title" : "Untitled",
        "transform" : [
          0.9999935,
          0,
          0.0035858075,
          0,
          0.0017929064,
          0.86602503,
          -0.4999975,
          0,
          -0.0031053992,
          0.5000007,
          0.8660194,
          0,
          0.111817025,
          3.145288,
          2.324881,
          1
        ]
      },
      {
        "date" : 735386857.345396,
        "title" : "Untitled",
        "transform" : [
          0.9999935,
          0,
          0.0035858075,
          0,
          0.0017929064,
          0.86602503,
          -0.4999975,
          0,
          -0.0031053992,
          0.5000007,
          0.8660194,
          0,
          -0.001230007,
          1.6987808,
          -0.6568929,
          1
        ]
      },
      {
        "date" : 735386837.474573,
        "title" : "Untitled",
        "transform" : [
          0.9999935,
          0,
          0.0035858075,
          0,
          0.0017929064,
          0.86602503,
          -0.4999975,
          0,
          -0.0031053992,
          0.5000007,
          0.8660194,
          0,
          -0.00097630033,
          1.657934,
          -0.72764456,
          1
        ]
      },
      {
        "date" : 735386834.62526,
        "title" : "Untitled",
        "transform" : [
          0.99999994,
          0,
          -0,
          0,
          -0,
          0.8660249,
          -0.5000007,
          0,
          0,
          0.5000007,
          0.8660249,
          0,
          1.7881393e-07,
          1.5773147,
          -0.8666705,
          1
        ]
      },
      {
        "date" : 735386815.953481,
        "title" : "Untitled",
        "transform" : [
          1,
          0,
          0,
          0,
          0,
          0.8660249,
          -0.5000008,
          0,
          0,
          0.5000008,
          0.8660249,
          0,
          -0.009062991,
          1.736493,
          -0.5798569,
          1
        ]
      },
      {
        "date" : 735386810.318811,
        "title" : "Untitled",
        "transform" : [
          1,
          0,
          0,
          0,
          0,
          0.8660249,
          -0.5000008,
          0,
          0,
          0.5000008,
          0.8660249,
          0,
          -0.19979233,
          3.7706692,
          1.6764274,
          1
        ]
      }
    ],
    "10DEE5C1-0CD7-47D5-A968-8259B1C21F5B" : [
      {
        "date" : 735438796.745241,
        "title" : "Untitled",
        "transform" : [
          0.99999994,
          0,
          -0,
          0,
          -0,
          0.8660249,
          -0.5000007,
          0,
          0,
          0.5000007,
          0.8660249,
          0,
          -1.4901161e-08,
          1.5774426,
          -0.86473763,
          1
        ]
      },
      {
        "date" : 735395805.757853,
        "title" : "Untitled",
        "transform" : [
          1,
          0,
          0,
          0,
          0,
          0.8660249,
          -0.5000008,
          0,
          0,
          0.5000008,
          0.8660249,
          0,
          -0.036007047,
          1.6700492,
          -0.64832354,
          1
        ]
      },
      {
        "date" : 735395792.25464,
        "title" : "Untitled",
        "transform" : [
          1,
          0,
          0,
          0,
          0,
          0.8660249,
          -0.5000008,
          0,
          0,
          0.5000008,
          0.8660249,
          0,
          -0.1047287,
          1.6179771,
          -0.6182592,
          1
        ]
      },
      {
        "date" : 735388921.349388,
        "title" : "Untitled",
        "transform" : [
          1,
          0,
          0,
          0,
          0,
          0.8660249,
          -0.5000008,
          0,
          0,
          0.5000008,
          0.8660249,
          0,
          0.07500887,
          1.7818274,
          -0.71285796,
          1
        ]
      },
      {
        "date" : 735388910.065971,
        "title" : "Untitled",
        "transform" : [
          1,
          0,
          0,
          0,
          0,
          0.8660249,
          -0.5000008,
          0,
          0,
          0.5000008,
          0.8660249,
          0,
          0.11159265,
          1.9931947,
          -0.07641816,
          1
        ]
      },
      {
        "date" : 735388901.857577,
        "title" : "Untitled",
        "transform" : [
          1,
          0,
          -0,
          0,
          -0,
          0.8660249,
          -0.5000008,
          0,
          0,
          0.5000008,
          0.8660249,
          0,
          0,
          3.1117468,
          3.5830557,
          1
        ]
      }
    ],
    "549D2E12-3E81-48FB-8E20-AFE009576E99" : [
      {
        "date" : 736748655.796877,
        "title" : "Untitled",
        "transform" : [
          0.9993667,
          7.9964757e-10,
          0.035582654,
          0,
          -0.004095271,
          0.99335486,
          0.11501888,
          0,
          -0.035346203,
          -0.11509176,
          0.9927258,
          0,
          -0.010803142,
          1.4616221,
          -0.67219716,
          1
        ]
      },
      {
        "date" : 736748386.10926,
        "title" : "Untitled",
        "transform" : [
          0.9993667,
          7.9964757e-10,
          0.035582654,
          0,
          -0.004095271,
          0.99335486,
          0.11501888,
          0,
          -0.035346203,
          -0.11509176,
          0.9927258,
          0,
          -0.008387555,
          1.4694877,
          -0.7400408,
          1
        ]
      },
      {
        "date" : 736748367.530329,
        "title" : "Untitled",
        "transform" : [
          0.9993667,
          7.9964757e-10,
          0.035582654,
          0,
          -0.004095271,
          0.99335486,
          0.11501888,
          0,
          -0.035346203,
          -0.11509176,
          0.9927258,
          0,
          -0.011440713,
          1.4583807,
          -0.64540684,
          1
        ]
      },
      {
        "date" : 736748364.429028,
        "title" : "Untitled",
        "transform" : [
          0.9993667,
          1.0250335e-09,
          0.03558265,
          0,
          -0.004095271,
          0.9933549,
          0.11501889,
          0,
          -0.0353462,
          -0.11509177,
          0.99272585,
          0,
          -0.03779176,
          1.3689469,
          0.12976268,
          1
        ]
      },
      {
        "date" : 736748352.611851,
        "title" : "Untitled",
        "transform" : [
          0.99958706,
          1.0250335e-09,
          0.028735012,
          0,
          -0.0033071644,
          0.9933549,
          0.11504425,
          0,
          -0.028544065,
          -0.11509177,
          0.9929447,
          0,
          -0.006892734,
          1.4824212,
          -0.8491384,
          1
        ]
      },
      {
        "date" : 736748345.780208,
        "title" : "Untitled",
        "transform" : [
          0.999661,
          1.0250335e-09,
          0.02603522,
          0,
          -0.0029964405,
          0.9933549,
          0.11505276,
          0,
          -0.025862211,
          -0.11509177,
          0.99301815,
          0,
          -0.0073775086,
          1.4784502,
          -0.81485933,
          1
        ]
      },
      {
        "date" : 736748344.364166,
        "title" : "Untitled",
        "transform" : [
          0.999661,
          1.0250335e-09,
          0.02603522,
          0,
          -0.0029964405,
          0.9933549,
          0.11505276,
          0,
          -0.025862211,
          -0.11509177,
          0.99301815,
          0,
          -0.010136355,
          1.4703915,
          -0.7456191,
          1
        ]
      },
      {
        "date" : 736748126.199864,
        "title" : "Untitled",
        "transform" : [
          0.999661,
          1.0250335e-09,
          0.02603522,
          0,
          -0.0029964405,
          0.9933549,
          0.11505276,
          0,
          -0.025862211,
          -0.11509177,
          0.99301815,
          0,
          -0.014234574,
          1.4584205,
          -0.64276385,
          1
        ]
      },
      {
        "date" : 736747859.663057,
        "title" : "Untitled",
        "transform" : [
          0.999661,
          1.0250335e-09,
          0.02603522,
          0,
          -0.0029964405,
          0.9933549,
          0.11505276,
          0,
          -0.025862211,
          -0.11509177,
          0.99301815,
          0,
          -0.020515956,
          1.4400725,
          -0.48511672,
          1
        ]
      },
      {
        "date" : 736747827.377373,
        "title" : "Untitled",
        "transform" : [
          0.999661,
          1.0250335e-09,
          0.02603522,
          0,
          -0.0029964405,
          0.9933549,
          0.11505276,
          0,
          -0.025862211,
          -0.11509177,
          0.99301815,
          0,
          0.032686036,
          1.4906428,
          -0.57069016,
          1
        ]
      }
    ],
    "638D3911-F403-4EA4-A913-761096C695F8" : [
      {
        "date" : 734504963.296976,
        "title" : "Untitled",
        "transform" : [
          -0.9998851,
          7.268585e-10,
          0.015160294,
          0,
          0.007580145,
          0.86602545,
          0.49994233,
          0,
          -0.013129201,
          0.49999982,
          -0.86592597,
          0,
          -0.6153726,
          7.4533944,
          -10.338309,
          1
        ]
      },
      {
        "date" : 734504960.547069,
        "title" : "Untitled",
        "transform" : [
          -0.9998851,
          7.268585e-10,
          0.015160294,
          0,
          0.007580145,
          0.86602545,
          0.49994233,
          0,
          -0.013129201,
          0.49999982,
          -0.86592597,
          0,
          -1.8019878,
          21.825682,
          -30.273539,
          1
        ]
      },
      {
        "date" : 734504946.505873,
        "title" : "Untitled",
        "transform" : [
          -0.9998851,
          7.268585e-10,
          0.015160294,
          0,
          0.007580145,
          0.86602545,
          0.49994233,
          0,
          -0.013129201,
          0.49999982,
          -0.86592597,
          0,
          -0.15100768,
          1.8290056,
          -2.536941,
          1
        ]
      },
      {
        "date" : 734504943.04737,
        "title" : "Untitled",
        "transform" : [
          -0.9998851,
          7.268585e-10,
          0.015160294,
          0,
          0.007580145,
          0.86602545,
          0.49994233,
          0,
          -0.013129201,
          0.49999982,
          -0.86592597,
          0,
          -0.057537973,
          2.0566294,
          -4.233794,
          1
        ]
      },
      {
        "date" : 734504940.922119,
        "title" : "Untitled",
        "transform" : [
          -0.9998851,
          7.268585e-10,
          0.015160294,
          0,
          0.007580145,
          0.86602545,
          0.49994233,
          0,
          -0.013129201,
          0.49999982,
          -0.86592597,
          0,
          -0.031447433,
          1.1240528,
          -2.3139842,
          1
        ]
      },
      {
        "date" : 734504939.733179,
        "title" : "Untitled",
        "transform" : [
          -0.9998851,
          7.268585e-10,
          0.015160294,
          0,
          0.007580145,
          0.86602545,
          0.49994233,
          0,
          -0.013129201,
          0.49999982,
          -0.86592597,
          0,
          -0.0016527511,
          0.059075713,
          -0.12161374,
          1
        ]
      },
      {
        "date" : 734504849.687275,
        "title" : "Untitled",
        "transform" : [
          -0.999885,
          0,
          0.015160294,
          0,
          0.0075802114,
          0.8660254,
          0.4999424,
          0,
          -0.013129244,
          0.49999982,
          -0.8659259,
          0,
          0.047528643,
          2.009224,
          -3.1035945,
          1
        ]
      },
      {
        "date" : 734504844.85679,
        "title" : "Untitled",
        "transform" : [
          -0.999885,
          0,
          0.015160294,
          0,
          0.0075802114,
          0.8660254,
          0.4999424,
          0,
          -0.013129244,
          0.49999982,
          -0.8659259,
          0,
          0.3378756,
          3.5181284,
          -7.260444,
          1
        ]
      },
      {
        "date" : 734504833.223579,
        "title" : "Untitled",
        "transform" : [
          -0.999885,
          0,
          0.015160294,
          0,
          0.0075802114,
          0.8660254,
          0.4999424,
          0,
          -0.013129244,
          0.49999982,
          -0.8659259,
          0,
          0.10921189,
          3.1915565,
          -4.8032703,
          1
        ]
      },
      {
        "date" : 734504783.867277,
        "title" : "Untitled",
        "transform" : [
          -0.9998592,
          0,
          0.01677752,
          0,
          0.008388824,
          0.8660254,
          0.4999295,
          0,
          -0.014529802,
          0.49999982,
          -0.86590356,
          0,
          -0.38201356,
          1.8032665,
          -2.1537273,
          1
        ]
      }
    ],
    "6451D4E7-4FEA-464B-9985-27788B19DE26" : [
      {
        "date" : 735301907.882754,
        "title" : "Untitled",
        "transform" : [
          0.99992627,
          -3.3568592e-11,
          0.012145698,
          0,
          0.0060728476,
          0.8660255,
          -0.49996302,
          0,
          -0.010518484,
          0.4999999,
          0.8659617,
          0,
          -0.0004831571,
          0.13920626,
          0.09915322,
          1
        ]
      },
      {
        "date" : 735301905.29714,
        "title" : "Untitled",
        "transform" : [
          0.99992627,
          0,
          0.012145698,
          0,
          0.006072847,
          0.8660254,
          -0.499963,
          0,
          -0.010518483,
          0.49999994,
          0.8659616,
          0,
          -0.0073935934,
          0.4728027,
          0.65837824,
          1
        ]
      },
      {
        "date" : 735301898.362566,
        "title" : "Untitled",
        "transform" : [
          0.99992627,
          0,
          0.012145698,
          0,
          0.006072847,
          0.8660254,
          -0.499963,
          0,
          -0.010518483,
          0.49999994,
          0.8659616,
          0,
          -0.0113261435,
          0.65973794,
          0.98213583,
          1
        ]
      },
      {
        "date" : 735301884.919686,
        "title" : "Untitled",
        "transform" : [
          0.99999994,
          0,
          0,
          0,
          0,
          0.8660254,
          -0.49999988,
          0,
          0,
          0.49999988,
          0.8660254,
          0,
          0.0153213,
          0.13481629,
          0.16018535,
          1
        ]
      },
      {
        "date" : 735301722.766789,
        "title" : "Untitled",
        "transform" : [
          0.99999994,
          0,
          -0,
          0,
          -0,
          0.8660254,
          -0.49999988,
          0,
          0,
          0.49999988,
          0.8660254,
          0,
          0,
          0.21038018,
          0.36438918,
          1
        ]
      }
    ],
    "9087B341-A3F9-450C-BA96-405F8B9A381A" : [
      {
        "date" : 735439063.028492,
        "title" : "Untitled",
        "transform" : [
          0.9999312,
          -2.0019476e-08,
          -0.011724862,
          0,
          -0.006925178,
          0.8069339,
          -0.5906012,
          0,
          0.009461201,
          0.5906418,
          0.8068784,
          0,
          -0.03527756,
          0.9249476,
          0.32663655,
          1
        ]
      },
      {
        "date" : 735437695.178425,
        "title" : "Untitled",
        "transform" : [
          0.9999312,
          -2.0019476e-08,
          -0.011724862,
          0,
          -0.006925178,
          0.8069339,
          -0.5906012,
          0,
          0.009461201,
          0.5906418,
          0.8068784,
          0,
          0.0242487,
          1.4953115,
          1.2228223,
          1
        ]
      },
      {
        "date" : 735437690.95824,
        "title" : "Untitled",
        "transform" : [
          0.9999312,
          -2.0019476e-08,
          -0.011724862,
          0,
          -0.006925178,
          0.8069339,
          -0.5906012,
          0,
          0.009461201,
          0.5906418,
          0.8068784,
          0,
          0.027363693,
          1.689774,
          1.4884783,
          1
        ]
      },
      {
        "date" : 735437688.388773,
        "title" : "Untitled",
        "transform" : [
          0.9999312,
          -2.0019476e-08,
          -0.011724862,
          0,
          -0.006925178,
          0.8069339,
          -0.5906012,
          0,
          0.009461201,
          0.5906418,
          0.8068784,
          0,
          0.037873052,
          2.3387523,
          2.0601463,
          1
        ]
      },
      {
        "date" : 735437681.267762,
        "title" : "Untitled",
        "transform" : [
          0.9998831,
          -1.9961663e-08,
          -0.015289081,
          0,
          -0.0041187257,
          0.9630308,
          -0.26935977,
          0,
          0.014723862,
          0.26939124,
          0.9629183,
          0,
          0.05577296,
          1.4654833,
          2.7503905,
          1
        ]
      },
      {
        "date" : 735437671.064969,
        "title" : "Untitled",
        "transform" : [
          0.9998831,
          -1.9961663e-08,
          -0.015289081,
          0,
          -0.0041187257,
          0.9630308,
          -0.26935977,
          0,
          0.014723862,
          0.26939124,
          0.9629183,
          0,
          0.21003035,
          1.6718708,
          2.793091,
          1
        ]
      },
      {
        "date" : 735437665.40984,
        "title" : "Untitled",
        "transform" : [
          0.9998831,
          -1.9961663e-08,
          -0.015289081,
          0,
          -0.0041187257,
          0.9630308,
          -0.26935977,
          0,
          0.014723862,
          0.26939124,
          0.9629183,
          0,
          0.023910254,
          0.43372023,
          1.5975916,
          1
        ]
      },
      {
        "date" : 735437662.666224,
        "title" : "Untitled",
        "transform" : [
          0.9998831,
          -1.9961663e-08,
          -0.015289081,
          0,
          -0.0041187257,
          0.9630308,
          -0.26935977,
          0,
          0.014723862,
          0.26939124,
          0.9629183,
          0,
          0.17265087,
          2.2048364,
          3.8706386,
          1
        ]
      },
      {
        "date" : 735437638.257584,
        "title" : "Untitled",
        "transform" : [
          0.9998831,
          -1.9961663e-08,
          -0.015289081,
          0,
          -0.0041187257,
          0.9630308,
          -0.26935977,
          0,
          0.014723862,
          0.26939124,
          0.9629183,
          0,
          2.2796383,
          41.345745,
          152.53119,
          1
        ]
      },
      {
        "date" : 735437635.168517,
        "title" : "Untitled",
        "transform" : [
          0.9998831,
          -1.9961663e-08,
          -0.015289081,
          0,
          -0.0041187257,
          0.9630308,
          -0.26935977,
          0,
          0.014723862,
          0.26939124,
          0.9629183,
          0,
          2.3910015,
          43.372032,
          159.75916,
          1
        ]
      }
    ],
    "66196126-3919-4012-AC7A-9C85D2D84DE1" : [
      {
        "date" : 735399011.948219,
        "title" : "Untitled",
        "transform" : [
          0.99999994,
          0,
          -0,
          0,
          -0,
          0.8660254,
          -0.49999988,
          0,
          0,
          0.49999988,
          0.8660254,
          0,
          0,
          0.21038018,
          0.36438918,
          1
        ]
      }
    ],
    "AF09ED6F-1707-48FD-8720-65B998362C09" : [
      {
        "date" : 736146830.209556,
        "title" : "Untitled",
        "transform" : [
          0.99415046,
          -4.008318e-09,
          0.108003594,
          0,
          0.059924588,
          0.8319579,
          -0.55159324,
          0,
          -0.08985444,
          0.5548387,
          0.8270914,
          0,
          -0.014927292,
          1.6206491,
          -0.77857625,
          1
        ]
      },
      {
        "date" : 735398480.707368,
        "title" : "Untitled",
        "transform" : [
          0.99415046,
          -4.008318e-09,
          0.108003594,
          0,
          0.059924588,
          0.8319579,
          -0.55159324,
          0,
          -0.08985444,
          0.5548387,
          0.8270914,
          0,
          -0.01350107,
          1.5900195,
          -0.86444336,
          1
        ]
      },
      {
        "date" : 735397804.32998,
        "title" : "Untitled",
        "transform" : [
          0.99415046,
          -4.008318e-09,
          0.108003594,
          0,
          0.059924588,
          0.8319579,
          -0.55159324,
          0,
          -0.08985444,
          0.5548387,
          0.8270914,
          0,
          -0.060709417,
          1.707256,
          -0.7854464,
          1
        ]
      },
      {
        "date" : 735397752.130052,
        "title" : "Untitled",
        "transform" : [
          0.99415046,
          -4.008318e-09,
          0.108003594,
          0,
          0.059924588,
          0.8319579,
          -0.55159324,
          0,
          -0.08985444,
          0.5548387,
          0.8270914,
          0,
          -0.02043415,
          1.623259,
          -0.72472304,
          1
        ]
      },
      {
        "date" : 735388844.156442,
        "title" : "Untitled",
        "transform" : [
          0.99415046,
          -4.008318e-09,
          0.108003594,
          0,
          0.059924588,
          0.8319579,
          -0.55159324,
          0,
          -0.08985444,
          0.5548387,
          0.8270914,
          0,
          -0.031597126,
          1.6921886,
          -0.6219702,
          1
        ]
      },
      {
        "date" : 735386799.241231,
        "title" : "Untitled",
        "transform" : [
          0.99415046,
          -4.008318e-09,
          0.108003594,
          0,
          0.059924588,
          0.8319579,
          -0.55159324,
          0,
          -0.08985444,
          0.5548387,
          0.8270914,
          0,
          -0.026686192,
          1.662318,
          -0.68072486,
          1
        ]
      },
      {
        "date" : 735386788.712195,
        "title" : "Untitled",
        "transform" : [
          0.99415046,
          -4.008318e-09,
          0.108003594,
          0,
          0.059924588,
          0.8319579,
          -0.55159324,
          0,
          -0.08985444,
          0.5548387,
          0.8270914,
          0,
          -0.16224378,
          2.6941657,
          0.9502058,
          1
        ]
      },
      {
        "date" : 735386769.612841,
        "title" : "Untitled",
        "transform" : [
          0.99415046,
          -4.008318e-09,
          0.108003594,
          0,
          0.059924588,
          0.8319579,
          -0.55159324,
          0,
          -0.08985444,
          0.5548387,
          0.8270914,
          0,
          0.0018457145,
          1.680942,
          -0.56019616,
          1
        ]
      },
      {
        "date" : 735296266.441401,
        "title" : "Untitled",
        "transform" : [
          0.99415046,
          -4.008318e-09,
          0.108003594,
          0,
          0.059924588,
          0.8319579,
          -0.55159324,
          0,
          -0.08985444,
          0.5548387,
          0.8270914,
          0,
          -0.027970906,
          1.6733458,
          -0.7421081,
          1
        ]
      },
      {
        "date" : 735296263.744503,
        "title" : "Untitled",
        "transform" : [
          0.9941505,
          -1.2559637e-10,
          0.1080036,
          0,
          0.059924588,
          0.831958,
          -0.55159324,
          0,
          -0.08985444,
          0.5548388,
          0.82709134,
          0,
          -0.00674599,
          1.6282024,
          -0.8088275,
          1
        ]
      }
    ],
    "B3837902-5761-40F0-9643-75D7AFA14515" : [
      {
        "date" : 734502176.514839,
        "title" : "Untitled",
        "transform" : [
          0.99999994,
          0,
          0,
          0,
          0,
          0.8669513,
          -0.49839276,
          0,
          0,
          0.49839276,
          0.8669513,
          0,
          -0.011637758,
          0.2783186,
          0.4136014,
          1
        ]
      },
      {
        "date" : 734500000.691528,
        "title" : "Untitled",
        "transform" : [
          0.99999994,
          0,
          0,
          0,
          0,
          0.8669513,
          -0.49839276,
          0,
          0,
          0.49839276,
          0.8669513,
          0,
          0,
          0.70753783,
          1.0968444,
          1
        ]
      },
      {
        "date" : 734499956.67271,
        "title" : "Untitled",
        "transform" : [
          0.99999994,
          0,
          0,
          0,
          0,
          0.8669513,
          -0.49839276,
          0,
          0,
          0.49839276,
          0.8669513,
          0,
          0,
          1.378743,
          2.2644026,
          1
        ]
      },
      {
        "date" : 734499944.69243,
        "title" : "Untitled",
        "transform" : [
          0.99999994,
          0,
          -0,
          0,
          -0,
          0.8669513,
          -0.49839276,
          0,
          0,
          0.49839276,
          0.8669513,
          0,
          0,
          3.0731287,
          5.0472064,
          1
        ]
      }
    ],
    "D6110E10-EC76-4D18-A0FE-C2C74531B7B6" : [
      {
        "date" : 735388907.023378,
        "title" : "Untitled",
        "transform" : [
          1,
          0,
          0,
          0,
          0,
          0.8660249,
          -0.5000008,
          0,
          0,
          0.5000008,
          0.8660249,
          0,
          -0.124743916,
          1.548622,
          -0.8419196,
          1
        ]
      },
      {
        "date" : 735387082.084442,
        "title" : "Untitled",
        "transform" : [
          1,
          0,
          0,
          0,
          0,
          0.8660249,
          -0.5000008,
          0,
          0,
          0.5000008,
          0.8660249,
          0,
          -0.124743916,
          2.1073964,
          0.12590289,
          1
        ]
      },
      {
        "date" : 735386959.508902,
        "title" : "Untitled",
        "transform" : [
          1,
          0,
          0,
          0,
          0,
          0.8660249,
          -0.5000008,
          0,
          0,
          0.5000008,
          0.8660249,
          0,
          -0.006038406,
          1.5964395,
          -0.5864392,
          1
        ]
      },
      {
        "date" : 735386953.5145,
        "title" : "Untitled",
        "transform" : [
          1,
          0,
          0,
          0,
          0,
          0.8660249,
          -0.5000008,
          0,
          0,
          0.5000008,
          0.8660249,
          0,
          -0.04184994,
          1.8921677,
          0.44185996,
          1
        ]
      },
      {
        "date" : 735386946.987309,
        "title" : "Untitled",
        "transform" : [
          1,
          0,
          0,
          0,
          0,
          0.8660249,
          -0.5000008,
          0,
          0,
          0.5000008,
          0.8660249,
          0,
          -0.19824535,
          2.4669492,
          1.8053936,
          1
        ]
      },
      {
        "date" : 735386945.165513,
        "title" : "Untitled",
        "transform" : [
          1,
          0,
          -0,
          0,
          -0,
          0.8660249,
          -0.5000008,
          0,
          0,
          0.5000008,
          0.8660249,
          0,
          0,
          3.1117313,
          3.5830371,
          1
        ]
      }
    ],
    "E308D5F6-FB42-4B21-9FB4-B888FF1BBD69" : [
      {
        "date" : 735485866.592523,
        "title" : "Untitled",
        "transform" : [
          0.950136,
          5.804396e-09,
          0.3118356,
          0,
          0.15646522,
          0.86500955,
          -0.47673598,
          0,
          -0.26974076,
          0.5017554,
          0.8218767,
          0,
          -0.3489022,
          0.7680423,
          1.0599748,
          1
        ]
      },
      {
        "date" : 735485822.24382,
        "title" : "Untitled",
        "transform" : [
          0.9501361,
          -1.187793e-09,
          0.3118356,
          0,
          -0.012064763,
          0.99925125,
          0.036760323,
          0,
          -0.31160212,
          -0.038689587,
          0.9494247,
          0,
          -0.32816246,
          1.4547755,
          -0.08191317,
          1
        ]
      },
      {
        "date" : 735485812.025787,
        "title" : "Untitled",
        "transform" : [
          0.9999241,
          -9.6741025e-11,
          0.012318525,
          0,
          0.0030208982,
          0.9694643,
          -0.24521355,
          0,
          -0.01194237,
          0.24523212,
          0.9693908,
          0,
          -0.036065876,
          1.7189754,
          -0.14305449,
          1
        ]
      },
      {
        "date" : 735485808.6563,
        "title" : "Untitled",
        "transform" : [
          0.9999355,
          -1.0932666e-10,
          0.011359853,
          0,
          0.0025518101,
          0.97444314,
          -0.22461961,
          0,
          -0.011069531,
          0.22463408,
          0.9743803,
          0,
          -0.030914184,
          1.5958438,
          -0.1076594,
          1
        ]
      },
      {
        "date" : 735485805.634137,
        "title" : "Untitled",
        "transform" : [
          0.9999355,
          -1.0932666e-10,
          0.011359853,
          0,
          0.0025518101,
          0.97444314,
          -0.22461961,
          0,
          -0.011069531,
          0.22463408,
          0.9743803,
          0,
          -0.026569868,
          1.5076845,
          -0.49006242,
          1
        ]
      },
      {
        "date" : 735485786.01468,
        "title" : "Untitled",
        "transform" : [
          0.9999355,
          -1.0932666e-10,
          0.011359853,
          0,
          0.0025518101,
          0.97444314,
          -0.22461961,
          0,
          -0.011069531,
          0.22463408,
          0.9743803,
          0,
          -0.054473758,
          0.70294976,
          -0.043721676,
          1
        ]
      },
      {
        "date" : 735485736.147735,
        "title" : "Untitled",
        "transform" : [
          0.9999531,
          -5.966373e-11,
          0.009688296,
          0,
          0.0036577638,
          0.92599136,
          -0.3775269,
          0,
          -0.008971279,
          0.3775446,
          0.9259479,
          0,
          -0.043454055,
          1.6395507,
          -0.21884274,
          1
        ]
      },
      {
        "date" : 735485730.268509,
        "title" : "Untitled",
        "transform" : [
          0.9999677,
          0,
          0.008041295,
          0,
          0.0040206546,
          0.86602485,
          -0.49998474,
          0,
          -0.0069639618,
          0.5000009,
          0.86599684,
          0,
          -0.0419563,
          1.7445693,
          -0.24502002,
          1
        ]
      },
      {
        "date" : 735485719.478262,
        "title" : "Untitled",
        "transform" : [
          0.9999677,
          0,
          0.008041295,
          0,
          0.0040206546,
          0.86602485,
          -0.49998474,
          0,
          -0.0069639618,
          0.5000009,
          0.86599684,
          0,
          -0.17669503,
          2.5299802,
          2.1795273,
          1
        ]
      },
      {
        "date" : 735485711.100508,
        "title" : "Untitled",
        "transform" : [
          1,
          0,
          0,
          0,
          0,
          0.86602485,
          -0.5000009,
          0,
          0,
          0.5000009,
          0.86602485,
          0,
          -0.13037708,
          2.3885942,
          1.7442062,
          1
        ]
      }
    ]
  },
  "selectedSceneRelativePath" : "WaterAnimation.usda"
}