{
  "advancedEditorSelectedIdentifier" : "ProjectBrowser",
  "openSceneRelativePaths" : [
    "TerrariumScene.usda"
  ],
  "recentIdentifiers" : {
    "638D3911-F403-4EA4-A913-761096C695F8" : [

    ]
  },
  "sceneCameraHistory" : {
    "638D3911-F403-4EA4-A913-761096C695F8" : [
      {
        "date" : 734504963.296976,
        "title" : "Untitled",
        "transform" : [
          -0.9998851,
          7.268585e-10,
          0.015160294,
          0,
          0.007580145,
          0.86602545,
          0.49994233,
          0,
          -0.013129201,
          0.49999982,
          -0.86592597,
          0,
          -0.6153726,
          7.4533944,
          -10.338309,
          1
        ]
      },
      {
        "date" : 734504960.547069,
        "title" : "Untitled",
        "transform" : [
          -0.9998851,
          7.268585e-10,
          0.015160294,
          0,
          0.007580145,
          0.86602545,
          0.49994233,
          0,
          -0.013129201,
          0.49999982,
          -0.86592597,
          0,
          -1.8019878,
          21.825682,
          -30.273539,
          1
        ]
      },
      {
        "date" : 734504946.505873,
        "title" : "Untitled",
        "transform" : [
          -0.9998851,
          7.268585e-10,
          0.015160294,
          0,
          0.007580145,
          0.86602545,
          0.49994233,
          0,
          -0.013129201,
          0.49999982,
          -0.86592597,
          0,
          -0.15100768,
          1.8290056,
          -2.536941,
          1
        ]
      },
      {
        "date" : 734504943.04737,
        "title" : "Untitled",
        "transform" : [
          -0.9998851,
          7.268585e-10,
          0.015160294,
          0,
          0.007580145,
          0.86602545,
          0.49994233,
          0,
          -0.013129201,
          0.49999982,
          -0.86592597,
          0,
          -0.057537973,
          2.0566294,
          -4.233794,
          1
        ]
      },
      {
        "date" : 734504940.922119,
        "title" : "Untitled",
        "transform" : [
          -0.9998851,
          7.268585e-10,
          0.015160294,
          0,
          0.007580145,
          0.86602545,
          0.49994233,
          0,
          -0.013129201,
          0.49999982,
          -0.86592597,
          0,
          -0.031447433,
          1.1240528,
          -2.3139842,
          1
        ]
      },
      {
        "date" : 734504939.733179,
        "title" : "Untitled",
        "transform" : [
          -0.9998851,
          7.268585e-10,
          0.015160294,
          0,
          0.007580145,
          0.86602545,
          0.49994233,
          0,
          -0.013129201,
          0.49999982,
          -0.86592597,
          0,
          -0.0016527511,
          0.059075713,
          -0.12161374,
          1
        ]
      },
      {
        "date" : 734504849.687275,
        "title" : "Untitled",
        "transform" : [
          -0.999885,
          0,
          0.015160294,
          0,
          0.0075802114,
          0.8660254,
          0.4999424,
          0,
          -0.013129244,
          0.49999982,
          -0.8659259,
          0,
          0.047528643,
          2.009224,
          -3.1035945,
          1
        ]
      },
      {
        "date" : 734504844.85679,
        "title" : "Untitled",
        "transform" : [
          -0.999885,
          0,
          0.015160294,
          0,
          0.0075802114,
          0.8660254,
          0.4999424,
          0,
          -0.013129244,
          0.49999982,
          -0.8659259,
          0,
          0.3378756,
          3.5181284,
          -7.260444,
          1
        ]
      },
      {
        "date" : 734504833.223579,
        "title" : "Untitled",
        "transform" : [
          -0.999885,
          0,
          0.015160294,
          0,
          0.0075802114,
          0.8660254,
          0.4999424,
          0,
          -0.013129244,
          0.49999982,
          -0.8659259,
          0,
          0.10921189,
          3.1915565,
          -4.8032703,
          1
        ]
      },
      {
        "date" : 734504783.867277,
        "title" : "Untitled",
        "transform" : [
          -0.9998592,
          0,
          0.01677752,
          0,
          0.008388824,
          0.8660254,
          0.4999295,
          0,
          -0.014529802,
          0.49999982,
          -0.86590356,
          0,
          -0.38201356,
          1.8032665,
          -2.1537273,
          1
        ]
      }
    ],
    "AF09ED6F-1707-48FD-8720-65B998362C09" : [
      {
        "date" : 734499875.899252,
        "title" : "Untitled",
        "transform" : [
          1,
          0,
          -0,
          0,
          -0,
          0.8647256,
          -0.5022447,
          0,
          0,
          0.5022447,
          0.8647256,
          0,
          0,
          0.7653262,
          1.0519023,
          1
        ]
      }
    ],
    "B3837902-5761-40F0-9643-75D7AFA14515" : [
      {
        "date" : 734502176.514839,
        "title" : "Untitled",
        "transform" : [
          0.99999994,
          0,
          0,
          0,
          0,
          0.8669513,
          -0.49839276,
          0,
          0,
          0.49839276,
          0.8669513,
          0,
          -0.011637758,
          0.2783186,
          0.4136014,
          1
        ]
      },
      {
        "date" : 734500000.691528,
        "title" : "Untitled",
        "transform" : [
          0.99999994,
          0,
          0,
          0,
          0,
          0.8669513,
          -0.49839276,
          0,
          0,
          0.49839276,
          0.8669513,
          0,
          0,
          0.70753783,
          1.0968444,
          1
        ]
      },
      {
        "date" : 734499956.67271,
        "title" : "Untitled",
        "transform" : [
          0.99999994,
          0,
          0,
          0,
          0,
          0.8669513,
          -0.49839276,
          0,
          0,
          0.49839276,
          0.8669513,
          0,
          0,
          1.378743,
          2.2644026,
          1
        ]
      },
      {
        "date" : 734499944.69243,
        "title" : "Untitled",
        "transform" : [
          0.99999994,
          0,
          -0,
          0,
          -0,
          0.8669513,
          -0.49839276,
          0,
          0,
          0.49839276,
          0.8669513,
          0,
          0,
          3.0731287,
          5.0472064,
          1
        ]
      }
    ]
  },
  "selectedSceneRelativePath" : "TerrariumScene.usda"
}