{
  "advancedEditorSelectedIdentifier" : "ProjectBrowser",
  "openSceneRelativePaths" : [
    "CatScene.usda",
    "Immersive.usda",
    "Immersive1.usda",
    "WaterAnimation1.usda",
    "TerrariumCloudScene.usda",
    "TerrariumThunderScene.usda"
  ],
  "recentIdentifiers" : {
    "8D4D9BDD-9475-4751-BA36-EB144CD09C65" : [

    ],
    "638D3911-F403-4EA4-A913-761096C695F8" : [

    ],
    "6451D4E7-4FEA-464B-9985-27788B19DE26" : [

    ],
    "342353B2-E0C0-4535-89D4-6D7F0122EFEA" : [

    ],
    "AF09ED6F-1707-48FD-8720-65B998362C09" : [

    ],
    "D6110E10-EC76-4D18-A0FE-C2C74531B7B6" : [

    ]
  },
  "sceneCameraHistory" : {
    "5C4B42FB-9C95-410D-A28C-3834FF5BDDEF" : [
      {
        "date" : 735301809.732464,
        "title" : "Untitled",
        "transform" : [
          0.99998975,
          -1.2523316e-11,
          -0.00452327,
          0,
          -0.0009602937,
          0.9772044,
          -0.21229859,
          0,
          0.0044201594,
          0.21230078,
          0.97719437,
          0,
          0.012159542,
          0.5859229,
          2.6879828,
          1
        ]
      },
      {
        "date" : 735301753.250158,
        "title" : "Untitled",
        "transform" : [
          0.99998975,
          -1.2523316e-11,
          -0.00452327,
          0,
          -0.0009602937,
          0.9772044,
          -0.21229859,
          0,
          0.0044201594,
          0.21230078,
          0.97719437,
          0,
          0.012159542,
          0.5859229,
          2.6879828,
          1
        ]
      },
      {
        "date" : 735301749.996754,
        "title" : "Untitled",
        "transform" : [
          1,
          0,
          0,
          0,
          0,
          0.86610043,
          -0.4998701,
          0,
          0,
          0.4998701,
          0.86610043,
          0,
          9.460128e-07,
          1.3768516,
          2.3818028,
          1
        ]
      },
      {
        "date" : 735301693.809812,
        "title" : "Untitled",
        "transform" : [
          1,
          0,
          -0,
          0,
          -0,
          0.86610043,
          -0.4998701,
          0,
          0,
          0.4998701,
          0.86610043,
          0,
          1.5497207e-06,
          2.2554994,
          3.9017677,
          1
        ]
      }
    ],
    "8D4D9BDD-9475-4751-BA36-EB144CD09C65" : [
      {
        "date" : 735386922.279592,
        "title" : "Untitled",
        "transform" : [
          0.9999935,
          0,
          0.0035858075,
          0,
          0.0017929064,
          0.86602503,
          -0.4999975,
          0,
          -0.0031053992,
          0.5000007,
          0.8660194,
          0,
          -0.025942465,
          2.927827,
          1.344145,
          1
        ]
      },
      {
        "date" : 735386917.948513,
        "title" : "Untitled",
        "transform" : [
          0.9999935,
          0,
          0.0035858075,
          0,
          0.0017929064,
          0.86602503,
          -0.4999975,
          0,
          -0.0031053992,
          0.5000007,
          0.8660194,
          0,
          -0.09634697,
          6.8027644,
          7.705852,
          1
        ]
      },
      {
        "date" : 735386886.326558,
        "title" : "Untitled",
        "transform" : [
          0.9999935,
          0,
          0.0035858075,
          0,
          0.0017929064,
          0.86602503,
          -0.4999975,
          0,
          -0.0031053992,
          0.5000007,
          0.8660194,
          0,
          -0.016380135,
          2.4015334,
          0.48009872,
          1
        ]
      },
      {
        "date" : 735386867.411075,
        "title" : "Untitled",
        "transform" : [
          0.9999935,
          0,
          0.0035858075,
          0,
          0.0017929064,
          0.86602503,
          -0.4999975,
          0,
          -0.0031053992,
          0.5000007,
          0.8660194,
          0,
          0.111817025,
          3.145288,
          2.324881,
          1
        ]
      },
      {
        "date" : 735386857.345396,
        "title" : "Untitled",
        "transform" : [
          0.9999935,
          0,
          0.0035858075,
          0,
          0.0017929064,
          0.86602503,
          -0.4999975,
          0,
          -0.0031053992,
          0.5000007,
          0.8660194,
          0,
          -0.001230007,
          1.6987808,
          -0.6568929,
          1
        ]
      },
      {
        "date" : 735386837.474573,
        "title" : "Untitled",
        "transform" : [
          0.9999935,
          0,
          0.0035858075,
          0,
          0.0017929064,
          0.86602503,
          -0.4999975,
          0,
          -0.0031053992,
          0.5000007,
          0.8660194,
          0,
          -0.00097630033,
          1.657934,
          -0.72764456,
          1
        ]
      },
      {
        "date" : 735386834.62526,
        "title" : "Untitled",
        "transform" : [
          0.99999994,
          0,
          -0,
          0,
          -0,
          0.8660249,
          -0.5000007,
          0,
          0,
          0.5000007,
          0.8660249,
          0,
          1.7881393e-07,
          1.5773147,
          -0.8666705,
          1
        ]
      },
      {
        "date" : 735386815.953481,
        "title" : "Untitled",
        "transform" : [
          1,
          0,
          0,
          0,
          0,
          0.8660249,
          -0.5000008,
          0,
          0,
          0.5000008,
          0.8660249,
          0,
          -0.009062991,
          1.736493,
          -0.5798569,
          1
        ]
      },
      {
        "date" : 735386810.318811,
        "title" : "Untitled",
        "transform" : [
          1,
          0,
          0,
          0,
          0,
          0.8660249,
          -0.5000008,
          0,
          0,
          0.5000008,
          0.8660249,
          0,
          -0.19979233,
          3.7706692,
          1.6764274,
          1
        ]
      }
    ],
    "10DEE5C1-0CD7-47D5-A968-8259B1C21F5B" : [
      {
        "date" : 735388910.065971,
        "title" : "Untitled",
        "transform" : [
          1,
          0,
          0,
          0,
          0,
          0.8660249,
          -0.5000008,
          0,
          0,
          0.5000008,
          0.8660249,
          0,
          0.11159265,
          1.9931947,
          -0.07641816,
          1
        ]
      },
      {
        "date" : 735388901.857577,
        "title" : "Untitled",
        "transform" : [
          1,
          0,
          -0,
          0,
          -0,
          0.8660249,
          -0.5000008,
          0,
          0,
          0.5000008,
          0.8660249,
          0,
          0,
          3.1117468,
          3.5830557,
          1
        ]
      }
    ],
    "549D2E12-3E81-48FB-8E20-AFE009576E99" : [
      {
        "date" : 735388857.50645,
        "title" : "Untitled",
        "transform" : [
          1,
          0,
          0,
          0,
          0,
          0.8660249,
          -0.5000008,
          0,
          0,
          0.5000008,
          0.8660249,
          0,
          -0.030577455,
          1.7279372,
          -0.68410444,
          1
        ]
      },
      {
        "date" : 735387029.036112,
        "title" : "Untitled",
        "transform" : [
          1,
          0,
          0,
          0,
          0,
          0.8660249,
          -0.5000008,
          0,
          0,
          0.5000008,
          0.8660249,
          0,
          -0.043504708,
          1.8243024,
          -0.550553,
          1
        ]
      },
      {
        "date" : 735387022.375156,
        "title" : "Untitled",
        "transform" : [
          1,
          0,
          0,
          0,
          0,
          0.8660249,
          -0.5000008,
          0,
          0,
          0.5000008,
          0.8660249,
          0,
          -0.1371239,
          2.5221796,
          0.41666245,
          1
        ]
      },
      {
        "date" : 735387018.15279,
        "title" : "Untitled",
        "transform" : [
          1,
          0,
          -0,
          0,
          -0,
          0.8660249,
          -0.5000008,
          0,
          0,
          0.5000008,
          0.8660249,
          0,
          0,
          3.1117468,
          3.5830557,
          1
        ]
      }
    ],
    "638D3911-F403-4EA4-A913-761096C695F8" : [
      {
        "date" : 734504963.296976,
        "title" : "Untitled",
        "transform" : [
          -0.9998851,
          7.268585e-10,
          0.015160294,
          0,
          0.007580145,
          0.86602545,
          0.49994233,
          0,
          -0.013129201,
          0.49999982,
          -0.86592597,
          0,
          -0.6153726,
          7.4533944,
          -10.338309,
          1
        ]
      },
      {
        "date" : 734504960.547069,
        "title" : "Untitled",
        "transform" : [
          -0.9998851,
          7.268585e-10,
          0.015160294,
          0,
          0.007580145,
          0.86602545,
          0.49994233,
          0,
          -0.013129201,
          0.49999982,
          -0.86592597,
          0,
          -1.8019878,
          21.825682,
          -30.273539,
          1
        ]
      },
      {
        "date" : 734504946.505873,
        "title" : "Untitled",
        "transform" : [
          -0.9998851,
          7.268585e-10,
          0.015160294,
          0,
          0.007580145,
          0.86602545,
          0.49994233,
          0,
          -0.013129201,
          0.49999982,
          -0.86592597,
          0,
          -0.15100768,
          1.8290056,
          -2.536941,
          1
        ]
      },
      {
        "date" : 734504943.04737,
        "title" : "Untitled",
        "transform" : [
          -0.9998851,
          7.268585e-10,
          0.015160294,
          0,
          0.007580145,
          0.86602545,
          0.49994233,
          0,
          -0.013129201,
          0.49999982,
          -0.86592597,
          0,
          -0.057537973,
          2.0566294,
          -4.233794,
          1
        ]
      },
      {
        "date" : 734504940.922119,
        "title" : "Untitled",
        "transform" : [
          -0.9998851,
          7.268585e-10,
          0.015160294,
          0,
          0.007580145,
          0.86602545,
          0.49994233,
          0,
          -0.013129201,
          0.49999982,
          -0.86592597,
          0,
          -0.031447433,
          1.1240528,
          -2.3139842,
          1
        ]
      },
      {
        "date" : 734504939.733179,
        "title" : "Untitled",
        "transform" : [
          -0.9998851,
          7.268585e-10,
          0.015160294,
          0,
          0.007580145,
          0.86602545,
          0.49994233,
          0,
          -0.013129201,
          0.49999982,
          -0.86592597,
          0,
          -0.0016527511,
          0.059075713,
          -0.12161374,
          1
        ]
      },
      {
        "date" : 734504849.687275,
        "title" : "Untitled",
        "transform" : [
          -0.999885,
          0,
          0.015160294,
          0,
          0.0075802114,
          0.8660254,
          0.4999424,
          0,
          -0.013129244,
          0.49999982,
          -0.8659259,
          0,
          0.047528643,
          2.009224,
          -3.1035945,
          1
        ]
      },
      {
        "date" : 734504844.85679,
        "title" : "Untitled",
        "transform" : [
          -0.999885,
          0,
          0.015160294,
          0,
          0.0075802114,
          0.8660254,
          0.4999424,
          0,
          -0.013129244,
          0.49999982,
          -0.8659259,
          0,
          0.3378756,
          3.5181284,
          -7.260444,
          1
        ]
      },
      {
        "date" : 734504833.223579,
        "title" : "Untitled",
        "transform" : [
          -0.999885,
          0,
          0.015160294,
          0,
          0.0075802114,
          0.8660254,
          0.4999424,
          0,
          -0.013129244,
          0.49999982,
          -0.8659259,
          0,
          0.10921189,
          3.1915565,
          -4.8032703,
          1
        ]
      },
      {
        "date" : 734504783.867277,
        "title" : "Untitled",
        "transform" : [
          -0.9998592,
          0,
          0.01677752,
          0,
          0.008388824,
          0.8660254,
          0.4999295,
          0,
          -0.014529802,
          0.49999982,
          -0.86590356,
          0,
          -0.38201356,
          1.8032665,
          -2.1537273,
          1
        ]
      }
    ],
    "6451D4E7-4FEA-464B-9985-27788B19DE26" : [
      {
        "date" : 735301907.882754,
        "title" : "Untitled",
        "transform" : [
          0.99992627,
          -3.3568592e-11,
          0.012145698,
          0,
          0.0060728476,
          0.8660255,
          -0.49996302,
          0,
          -0.010518484,
          0.4999999,
          0.8659617,
          0,
          -0.0004831571,
          0.13920626,
          0.09915322,
          1
        ]
      },
      {
        "date" : 735301905.29714,
        "title" : "Untitled",
        "transform" : [
          0.99992627,
          0,
          0.012145698,
          0,
          0.006072847,
          0.8660254,
          -0.499963,
          0,
          -0.010518483,
          0.49999994,
          0.8659616,
          0,
          -0.0073935934,
          0.4728027,
          0.65837824,
          1
        ]
      },
      {
        "date" : 735301898.362566,
        "title" : "Untitled",
        "transform" : [
          0.99992627,
          0,
          0.012145698,
          0,
          0.006072847,
          0.8660254,
          -0.499963,
          0,
          -0.010518483,
          0.49999994,
          0.8659616,
          0,
          -0.0113261435,
          0.65973794,
          0.98213583,
          1
        ]
      },
      {
        "date" : 735301884.919686,
        "title" : "Untitled",
        "transform" : [
          0.99999994,
          0,
          0,
          0,
          0,
          0.8660254,
          -0.49999988,
          0,
          0,
          0.49999988,
          0.8660254,
          0,
          0.0153213,
          0.13481629,
          0.16018535,
          1
        ]
      },
      {
        "date" : 735301722.766789,
        "title" : "Untitled",
        "transform" : [
          0.99999994,
          0,
          -0,
          0,
          -0,
          0.8660254,
          -0.49999988,
          0,
          0,
          0.49999988,
          0.8660254,
          0,
          0,
          0.21038018,
          0.36438918,
          1
        ]
      }
    ],
    "342353B2-E0C0-4535-89D4-6D7F0122EFEA" : [
      {
        "date" : 736863230.436275,
        "title" : "Untitled",
        "transform" : [
          0.99999994,
          0,
          -0,
          0,
          -0,
          0.86982465,
          -0.49336097,
          0,
          0,
          0.49336097,
          0.86982465,
          0,
          0.00023830679,
          0.663921,
          0.94427836,
          1
        ]
      }
    ],
    "AF09ED6F-1707-48FD-8720-65B998362C09" : [
      {
        "date" : 735388844.156442,
        "title" : "Untitled",
        "transform" : [
          0.99415046,
          -4.008318e-09,
          0.108003594,
          0,
          0.059924588,
          0.8319579,
          -0.55159324,
          0,
          -0.08985444,
          0.5548387,
          0.8270914,
          0,
          -0.031597126,
          1.6921886,
          -0.6219702,
          1
        ]
      },
      {
        "date" : 735386799.241231,
        "title" : "Untitled",
        "transform" : [
          0.99415046,
          -4.008318e-09,
          0.108003594,
          0,
          0.059924588,
          0.8319579,
          -0.55159324,
          0,
          -0.08985444,
          0.5548387,
          0.8270914,
          0,
          -0.026686192,
          1.662318,
          -0.68072486,
          1
        ]
      },
      {
        "date" : 735386788.712195,
        "title" : "Untitled",
        "transform" : [
          0.99415046,
          -4.008318e-09,
          0.108003594,
          0,
          0.059924588,
          0.8319579,
          -0.55159324,
          0,
          -0.08985444,
          0.5548387,
          0.8270914,
          0,
          -0.16224378,
          2.6941657,
          0.9502058,
          1
        ]
      },
      {
        "date" : 735386769.612841,
        "title" : "Untitled",
        "transform" : [
          0.99415046,
          -4.008318e-09,
          0.108003594,
          0,
          0.059924588,
          0.8319579,
          -0.55159324,
          0,
          -0.08985444,
          0.5548387,
          0.8270914,
          0,
          0.0018457145,
          1.680942,
          -0.56019616,
          1
        ]
      },
      {
        "date" : 735296266.441401,
        "title" : "Untitled",
        "transform" : [
          0.99415046,
          -4.008318e-09,
          0.108003594,
          0,
          0.059924588,
          0.8319579,
          -0.55159324,
          0,
          -0.08985444,
          0.5548387,
          0.8270914,
          0,
          -0.027970906,
          1.6733458,
          -0.7421081,
          1
        ]
      },
      {
        "date" : 735296263.744503,
        "title" : "Untitled",
        "transform" : [
          0.9941505,
          -1.2559637e-10,
          0.1080036,
          0,
          0.059924588,
          0.831958,
          -0.55159324,
          0,
          -0.08985444,
          0.5548388,
          0.82709134,
          0,
          -0.00674599,
          1.6282024,
          -0.8088275,
          1
        ]
      },
      {
        "date" : 735296259.563712,
        "title" : "Untitled",
        "transform" : [
          0.9941505,
          -1.2559637e-10,
          0.1080036,
          0,
          0.059924588,
          0.831958,
          -0.55159324,
          0,
          -0.08985444,
          0.5548388,
          0.82709134,
          0,
          -0.19444346,
          2.809321,
          0.32974517,
          1
        ]
      },
      {
        "date" : 735296238.291652,
        "title" : "Untitled",
        "transform" : [
          1,
          0,
          0,
          0,
          0,
          0.8647256,
          -0.5022447,
          0,
          0,
          0.5022447,
          0.8647256,
          0,
          0.24228081,
          1.7149978,
          -0.028307498,
          1
        ]
      },
      {
        "date" : 735296236.669734,
        "title" : "Untitled",
        "transform" : [
          1,
          0,
          0,
          0,
          0,
          0.8647256,
          -0.5022447,
          0,
          0,
          0.5022447,
          0.8647256,
          0,
          0.124944165,
          1.6108743,
          -0.4988984,
          1
        ]
      },
      {
        "date" : 735296229.744709,
        "title" : "Untitled",
        "transform" : [
          1,
          0,
          0,
          0,
          0,
          0.8647256,
          -0.5022447,
          0,
          0,
          0.5022447,
          0.8647256,
          0,
          -0.04708302,
          3.3604474,
          3.476693,
          1
        ]
      }
    ],
    "B3837902-5761-40F0-9643-75D7AFA14515" : [
      {
        "date" : 734502176.514839,
        "title" : "Untitled",
        "transform" : [
          0.99999994,
          0,
          0,
          0,
          0,
          0.8669513,
          -0.49839276,
          0,
          0,
          0.49839276,
          0.8669513,
          0,
          -0.011637758,
          0.2783186,
          0.4136014,
          1
        ]
      },
      {
        "date" : 734500000.691528,
        "title" : "Untitled",
        "transform" : [
          0.99999994,
          0,
          0,
          0,
          0,
          0.8669513,
          -0.49839276,
          0,
          0,
          0.49839276,
          0.8669513,
          0,
          0,
          0.70753783,
          1.0968444,
          1
        ]
      },
      {
        "date" : 734499956.67271,
        "title" : "Untitled",
        "transform" : [
          0.99999994,
          0,
          0,
          0,
          0,
          0.8669513,
          -0.49839276,
          0,
          0,
          0.49839276,
          0.8669513,
          0,
          0,
          1.378743,
          2.2644026,
          1
        ]
      },
      {
        "date" : 734499944.69243,
        "title" : "Untitled",
        "transform" : [
          0.99999994,
          0,
          -0,
          0,
          -0,
          0.8669513,
          -0.49839276,
          0,
          0,
          0.49839276,
          0.8669513,
          0,
          0,
          3.0731287,
          5.0472064,
          1
        ]
      }
    ],
    "D6110E10-EC76-4D18-A0FE-C2C74531B7B6" : [
      {
        "date" : 735388907.023378,
        "title" : "Untitled",
        "transform" : [
          1,
          0,
          0,
          0,
          0,
          0.8660249,
          -0.5000008,
          0,
          0,
          0.5000008,
          0.8660249,
          0,
          -0.124743916,
          1.548622,
          -0.8419196,
          1
        ]
      },
      {
        "date" : 735387082.084442,
        "title" : "Untitled",
        "transform" : [
          1,
          0,
          0,
          0,
          0,
          0.8660249,
          -0.5000008,
          0,
          0,
          0.5000008,
          0.8660249,
          0,
          -0.124743916,
          2.1073964,
          0.12590289,
          1
        ]
      },
      {
        "date" : 735386959.508902,
        "title" : "Untitled",
        "transform" : [
          1,
          0,
          0,
          0,
          0,
          0.8660249,
          -0.5000008,
          0,
          0,
          0.5000008,
          0.8660249,
          0,
          -0.006038406,
          1.5964395,
          -0.5864392,
          1
        ]
      },
      {
        "date" : 735386953.5145,
        "title" : "Untitled",
        "transform" : [
          1,
          0,
          0,
          0,
          0,
          0.8660249,
          -0.5000008,
          0,
          0,
          0.5000008,
          0.8660249,
          0,
          -0.04184994,
          1.8921677,
          0.44185996,
          1
        ]
      },
      {
        "date" : 735386946.987309,
        "title" : "Untitled",
        "transform" : [
          1,
          0,
          0,
          0,
          0,
          0.8660249,
          -0.5000008,
          0,
          0,
          0.5000008,
          0.8660249,
          0,
          -0.19824535,
          2.4669492,
          1.8053936,
          1
        ]
      },
      {
        "date" : 735386945.165513,
        "title" : "Untitled",
        "transform" : [
          1,
          0,
          -0,
          0,
          -0,
          0.8660249,
          -0.5000008,
          0,
          0,
          0.5000008,
          0.8660249,
          0,
          0,
          3.1117313,
          3.5830371,
          1
        ]
      }
    ],
    "E308D5F6-FB42-4B21-9FB4-B888FF1BBD69" : [
      {
        "date" : 736863222.741982,
        "title" : "Untitled",
        "transform" : [
          0.950136,
          5.804396e-09,
          0.3118356,
          0,
          0.15646522,
          0.86500955,
          -0.47673598,
          0,
          -0.26974076,
          0.5017554,
          0.8218767,
          0,
          -0.6319211,
          1.1157836,
          2.2626467,
          1
        ]
      },
      {
        "date" : 735485866.592523,
        "title" : "Untitled",
        "transform" : [
          0.950136,
          5.804396e-09,
          0.3118356,
          0,
          0.15646522,
          0.86500955,
          -0.47673598,
          0,
          -0.26974076,
          0.5017554,
          0.8218767,
          0,
          -0.3489022,
          0.7680423,
          1.0599748,
          1
        ]
      },
      {
        "date" : 735485822.24382,
        "title" : "Untitled",
        "transform" : [
          0.9501361,
          -1.187793e-09,
          0.3118356,
          0,
          -0.012064763,
          0.99925125,
          0.036760323,
          0,
          -0.31160212,
          -0.038689587,
          0.9494247,
          0,
          -0.32816246,
          1.4547755,
          -0.08191317,
          1
        ]
      },
      {
        "date" : 735485812.025787,
        "title" : "Untitled",
        "transform" : [
          0.9999241,
          -9.6741025e-11,
          0.012318525,
          0,
          0.0030208982,
          0.9694643,
          -0.24521355,
          0,
          -0.01194237,
          0.24523212,
          0.9693908,
          0,
          -0.036065876,
          1.7189754,
          -0.14305449,
          1
        ]
      },
      {
        "date" : 735485808.6563,
        "title" : "Untitled",
        "transform" : [
          0.9999355,
          -1.0932666e-10,
          0.011359853,
          0,
          0.0025518101,
          0.97444314,
          -0.22461961,
          0,
          -0.011069531,
          0.22463408,
          0.9743803,
          0,
          -0.030914184,
          1.5958438,
          -0.1076594,
          1
        ]
      },
      {
        "date" : 735485805.634137,
        "title" : "Untitled",
        "transform" : [
          0.9999355,
          -1.0932666e-10,
          0.011359853,
          0,
          0.0025518101,
          0.97444314,
          -0.22461961,
          0,
          -0.011069531,
          0.22463408,
          0.9743803,
          0,
          -0.026569868,
          1.5076845,
          -0.49006242,
          1
        ]
      },
      {
        "date" : 735485786.01468,
        "title" : "Untitled",
        "transform" : [
          0.9999355,
          -1.0932666e-10,
          0.011359853,
          0,
          0.0025518101,
          0.97444314,
          -0.22461961,
          0,
          -0.011069531,
          0.22463408,
          0.9743803,
          0,
          -0.054473758,
          0.70294976,
          -0.043721676,
          1
        ]
      },
      {
        "date" : 735485736.147735,
        "title" : "Untitled",
        "transform" : [
          0.9999531,
          -5.966373e-11,
          0.009688296,
          0,
          0.0036577638,
          0.92599136,
          -0.3775269,
          0,
          -0.008971279,
          0.3775446,
          0.9259479,
          0,
          -0.043454055,
          1.6395507,
          -0.21884274,
          1
        ]
      },
      {
        "date" : 735485730.268509,
        "title" : "Untitled",
        "transform" : [
          0.9999677,
          0,
          0.008041295,
          0,
          0.0040206546,
          0.86602485,
          -0.49998474,
          0,
          -0.0069639618,
          0.5000009,
          0.86599684,
          0,
          -0.0419563,
          1.7445693,
          -0.24502002,
          1
        ]
      },
      {
        "date" : 735485719.478262,
        "title" : "Untitled",
        "transform" : [
          0.9999677,
          0,
          0.008041295,
          0,
          0.0040206546,
          0.86602485,
          -0.49998474,
          0,
          -0.0069639618,
          0.5000009,
          0.86599684,
          0,
          -0.17669503,
          2.5299802,
          2.1795273,
          1
        ]
      }
    ]
  },
  "selectedSceneRelativePath" : "TerrariumThunderScene.usda"
}