{
  "advancedEditorSelectedIdentifier" : "ProjectBrowser",
  "openSceneRelativePaths" : [

  ],
  "recentIdentifiers" : {
    "638D3911-F403-4EA4-A913-761096C695F8" : [

    ],
    "6451D4E7-4FEA-464B-9985-27788B19DE26" : [

    ],
    "AF09ED6F-1707-48FD-8720-65B998362C09" : [

    ]
  },
  "sceneCameraHistory" : {
    "5C4B42FB-9C95-410D-A28C-3834FF5BDDEF" : [
      {
        "date" : 735301809.732464,
        "title" : "Untitled",
        "transform" : [
          0.99998975,
          -1.2523316e-11,
          -0.00452327,
          0,
          -0.0009602937,
          0.9772044,
          -0.21229859,
          0,
          0.0044201594,
          0.21230078,
          0.97719437,
          0,
          0.012159542,
          0.5859229,
          2.6879828,
          1
        ]
      },
      {
        "date" : 735301753.250158,
        "title" : "Untitled",
        "transform" : [
          0.99998975,
          -1.2523316e-11,
          -0.00452327,
          0,
          -0.0009602937,
          0.9772044,
          -0.21229859,
          0,
          0.0044201594,
          0.21230078,
          0.97719437,
          0,
          0.012159542,
          0.5859229,
          2.6879828,
          1
        ]
      },
      {
        "date" : 735301749.996754,
        "title" : "Untitled",
        "transform" : [
          1,
          0,
          0,
          0,
          0,
          0.86610043,
          -0.4998701,
          0,
          0,
          0.4998701,
          0.86610043,
          0,
          9.460128e-07,
          1.3768516,
          2.3818028,
          1
        ]
      },
      {
        "date" : 735301693.809812,
        "title" : "Untitled",
        "transform" : [
          1,
          0,
          -0,
          0,
          -0,
          0.86610043,
          -0.4998701,
          0,
          0,
          0.4998701,
          0.86610043,
          0,
          1.5497207e-06,
          2.2554994,
          3.9017677,
          1
        ]
      }
    ],
    "638D3911-F403-4EA4-A913-761096C695F8" : [
      {
        "date" : 734504963.296976,
        "title" : "Untitled",
        "transform" : [
          -0.9998851,
          7.268585e-10,
          0.015160294,
          0,
          0.007580145,
          0.86602545,
          0.49994233,
          0,
          -0.013129201,
          0.49999982,
          -0.86592597,
          0,
          -0.6153726,
          7.4533944,
          -10.338309,
          1
        ]
      },
      {
        "date" : 734504960.547069,
        "title" : "Untitled",
        "transform" : [
          -0.9998851,
          7.268585e-10,
          0.015160294,
          0,
          0.007580145,
          0.86602545,
          0.49994233,
          0,
          -0.013129201,
          0.49999982,
          -0.86592597,
          0,
          -1.8019878,
          21.825682,
          -30.273539,
          1
        ]
      },
      {
        "date" : 734504946.505873,
        "title" : "Untitled",
        "transform" : [
          -0.9998851,
          7.268585e-10,
          0.015160294,
          0,
          0.007580145,
          0.86602545,
          0.49994233,
          0,
          -0.013129201,
          0.49999982,
          -0.86592597,
          0,
          -0.15100768,
          1.8290056,
          -2.536941,
          1
        ]
      },
      {
        "date" : 734504943.04737,
        "title" : "Untitled",
        "transform" : [
          -0.9998851,
          7.268585e-10,
          0.015160294,
          0,
          0.007580145,
          0.86602545,
          0.49994233,
          0,
          -0.013129201,
          0.49999982,
          -0.86592597,
          0,
          -0.057537973,
          2.0566294,
          -4.233794,
          1
        ]
      },
      {
        "date" : 734504940.922119,
        "title" : "Untitled",
        "transform" : [
          -0.9998851,
          7.268585e-10,
          0.015160294,
          0,
          0.007580145,
          0.86602545,
          0.49994233,
          0,
          -0.013129201,
          0.49999982,
          -0.86592597,
          0,
          -0.031447433,
          1.1240528,
          -2.3139842,
          1
        ]
      },
      {
        "date" : 734504939.733179,
        "title" : "Untitled",
        "transform" : [
          -0.9998851,
          7.268585e-10,
          0.015160294,
          0,
          0.007580145,
          0.86602545,
          0.49994233,
          0,
          -0.013129201,
          0.49999982,
          -0.86592597,
          0,
          -0.0016527511,
          0.059075713,
          -0.12161374,
          1
        ]
      },
      {
        "date" : 734504849.687275,
        "title" : "Untitled",
        "transform" : [
          -0.999885,
          0,
          0.015160294,
          0,
          0.0075802114,
          0.8660254,
          0.4999424,
          0,
          -0.013129244,
          0.49999982,
          -0.8659259,
          0,
          0.047528643,
          2.009224,
          -3.1035945,
          1
        ]
      },
      {
        "date" : 734504844.85679,
        "title" : "Untitled",
        "transform" : [
          -0.999885,
          0,
          0.015160294,
          0,
          0.0075802114,
          0.8660254,
          0.4999424,
          0,
          -0.013129244,
          0.49999982,
          -0.8659259,
          0,
          0.3378756,
          3.5181284,
          -7.260444,
          1
        ]
      },
      {
        "date" : 734504833.223579,
        "title" : "Untitled",
        "transform" : [
          -0.999885,
          0,
          0.015160294,
          0,
          0.0075802114,
          0.8660254,
          0.4999424,
          0,
          -0.013129244,
          0.49999982,
          -0.8659259,
          0,
          0.10921189,
          3.1915565,
          -4.8032703,
          1
        ]
      },
      {
        "date" : 734504783.867277,
        "title" : "Untitled",
        "transform" : [
          -0.9998592,
          0,
          0.01677752,
          0,
          0.008388824,
          0.8660254,
          0.4999295,
          0,
          -0.014529802,
          0.49999982,
          -0.86590356,
          0,
          -0.38201356,
          1.8032665,
          -2.1537273,
          1
        ]
      }
    ],
    "6451D4E7-4FEA-464B-9985-27788B19DE26" : [
      {
        "date" : 735301907.882754,
        "title" : "Untitled",
        "transform" : [
          0.99992627,
          -3.3568592e-11,
          0.012145698,
          0,
          0.0060728476,
          0.8660255,
          -0.49996302,
          0,
          -0.010518484,
          0.4999999,
          0.8659617,
          0,
          -0.0004831571,
          0.13920626,
          0.09915322,
          1
        ]
      },
      {
        "date" : 735301905.29714,
        "title" : "Untitled",
        "transform" : [
          0.99992627,
          0,
          0.012145698,
          0,
          0.006072847,
          0.8660254,
          -0.499963,
          0,
          -0.010518483,
          0.49999994,
          0.8659616,
          0,
          -0.0073935934,
          0.4728027,
          0.65837824,
          1
        ]
      },
      {
        "date" : 735301898.362566,
        "title" : "Untitled",
        "transform" : [
          0.99992627,
          0,
          0.012145698,
          0,
          0.006072847,
          0.8660254,
          -0.499963,
          0,
          -0.010518483,
          0.49999994,
          0.8659616,
          0,
          -0.0113261435,
          0.65973794,
          0.98213583,
          1
        ]
      },
      {
        "date" : 735301884.919686,
        "title" : "Untitled",
        "transform" : [
          0.99999994,
          0,
          0,
          0,
          0,
          0.8660254,
          -0.49999988,
          0,
          0,
          0.49999988,
          0.8660254,
          0,
          0.0153213,
          0.13481629,
          0.16018535,
          1
        ]
      },
      {
        "date" : 735301722.766789,
        "title" : "Untitled",
        "transform" : [
          0.99999994,
          0,
          -0,
          0,
          -0,
          0.8660254,
          -0.49999988,
          0,
          0,
          0.49999988,
          0.8660254,
          0,
          0,
          0.21038018,
          0.36438918,
          1
        ]
      }
    ],
    "AF09ED6F-1707-48FD-8720-65B998362C09" : [
      {
        "date" : 735296266.441401,
        "title" : "Untitled",
        "transform" : [
          0.99415046,
          -4.008318e-09,
          0.108003594,
          0,
          0.059924588,
          0.8319579,
          -0.55159324,
          0,
          -0.08985444,
          0.5548387,
          0.8270914,
          0,
          -0.027970906,
          1.6733458,
          -0.7421081,
          1
        ]
      },
      {
        "date" : 735296263.744503,
        "title" : "Untitled",
        "transform" : [
          0.9941505,
          -1.2559637e-10,
          0.1080036,
          0,
          0.059924588,
          0.831958,
          -0.55159324,
          0,
          -0.08985444,
          0.5548388,
          0.82709134,
          0,
          -0.00674599,
          1.6282024,
          -0.8088275,
          1
        ]
      },
      {
        "date" : 735296259.563712,
        "title" : "Untitled",
        "transform" : [
          0.9941505,
          -1.2559637e-10,
          0.1080036,
          0,
          0.059924588,
          0.831958,
          -0.55159324,
          0,
          -0.08985444,
          0.5548388,
          0.82709134,
          0,
          -0.19444346,
          2.809321,
          0.32974517,
          1
        ]
      },
      {
        "date" : 735296238.291652,
        "title" : "Untitled",
        "transform" : [
          1,
          0,
          0,
          0,
          0,
          0.8647256,
          -0.5022447,
          0,
          0,
          0.5022447,
          0.8647256,
          0,
          0.24228081,
          1.7149978,
          -0.028307498,
          1
        ]
      },
      {
        "date" : 735296236.669734,
        "title" : "Untitled",
        "transform" : [
          1,
          0,
          0,
          0,
          0,
          0.8647256,
          -0.5022447,
          0,
          0,
          0.5022447,
          0.8647256,
          0,
          0.124944165,
          1.6108743,
          -0.4988984,
          1
        ]
      },
      {
        "date" : 735296229.744709,
        "title" : "Untitled",
        "transform" : [
          1,
          0,
          0,
          0,
          0,
          0.8647256,
          -0.5022447,
          0,
          0,
          0.5022447,
          0.8647256,
          0,
          -0.04708302,
          3.3604474,
          3.476693,
          1
        ]
      },
      {
        "date" : 735296216.101057,
        "title" : "Untitled",
        "transform" : [
          1,
          0,
          0,
          0,
          0,
          0.8647256,
          -0.5022447,
          0,
          0,
          0.5022447,
          0.8647256,
          0,
          -0.027054593,
          2.5690408,
          1.5723734,
          1
        ]
      },
      {
        "date" : 735294933.067002,
        "title" : "Untitled",
        "transform" : [
          1,
          0,
          0,
          0,
          0,
          0.8647256,
          -0.5022447,
          0,
          0,
          0.5022447,
          0.8647256,
          0,
          -0.2680604,
          2.7263505,
          2.6645205,
          1
        ]
      },
      {
        "date" : 734499875.899252,
        "title" : "Untitled",
        "transform" : [
          1,
          0,
          -0,
          0,
          -0,
          0.8647256,
          -0.5022447,
          0,
          0,
          0.5022447,
          0.8647256,
          0,
          0,
          0.7653262,
          1.0519023,
          1
        ]
      }
    ],
    "B3837902-5761-40F0-9643-75D7AFA14515" : [
      {
        "date" : 734502176.514839,
        "title" : "Untitled",
        "transform" : [
          0.99999994,
          0,
          0,
          0,
          0,
          0.8669513,
          -0.49839276,
          0,
          0,
          0.49839276,
          0.8669513,
          0,
          -0.011637758,
          0.2783186,
          0.4136014,
          1
        ]
      },
      {
        "date" : 734500000.691528,
        "title" : "Untitled",
        "transform" : [
          0.99999994,
          0,
          0,
          0,
          0,
          0.8669513,
          -0.49839276,
          0,
          0,
          0.49839276,
          0.8669513,
          0,
          0,
          0.70753783,
          1.0968444,
          1
        ]
      },
      {
        "date" : 734499956.67271,
        "title" : "Untitled",
        "transform" : [
          0.99999994,
          0,
          0,
          0,
          0,
          0.8669513,
          -0.49839276,
          0,
          0,
          0.49839276,
          0.8669513,
          0,
          0,
          1.378743,
          2.2644026,
          1
        ]
      },
      {
        "date" : 734499944.69243,
        "title" : "Untitled",
        "transform" : [
          0.99999994,
          0,
          -0,
          0,
          -0,
          0.8669513,
          -0.49839276,
          0,
          0,
          0.49839276,
          0.8669513,
          0,
          0,
          3.0731287,
          5.0472064,
          1
        ]
      }
    ]
  }
}