{
  "advancedEditorSelectedIdentifier" : "ProjectBrowser",
  "openSceneRelativePaths" : [

  ],
  "recentIdentifiers" : {
    "36FE9FD2-B563-4AE7-9ABC-EEAC6C58766B" : [

    ],
    "549D2E12-3E81-48FB-8E20-AFE009576E99" : [

    ],
    "AF09ED6F-1707-48FD-8720-65B998362C09" : [

    ]
  },
  "sceneCameraHistory" : {
    "36FE9FD2-B563-4AE7-9ABC-EEAC6C58766B" : [
      {
        "date" : 735397139.758039,
        "title" : "Untitled",
        "transform" : [
          0.99999994,
          0,
          0,
          0,
          0,
          0.8660254,
          -0.49999994,
          0,
          0,
          0.49999994,
          0.8660254,
          0,
          -0.034661863,
          2.1595669,
          3.7347624,
          1
        ]
      },
      {
        "date" : 735396485.790749,
        "title" : "Untitled",
        "transform" : [
          0.99999994,
          0,
          0,
          0,
          0,
          0.8660254,
          -0.49999994,
          0,
          0,
          0.49999994,
          0.8660254,
          0,
          -0.012379699,
          0.77130264,
          1.3338934,
          1
        ]
      },
      {
        "date" : 735396468.898838,
        "title" : "Untitled",
        "transform" : [
          0.99999994,
          0,
          -0,
          0,
          -0,
          0.8660254,
          -0.49999994,
          0,
          0,
          0.49999994,
          0.8660254,
          0,
          -0.30167884,
          0.9387915,
          1.5762746,
          1
        ]
      },
      {
        "date" : 735396384.208161,
        "title" : "Untitled",
        "transform" : [
          0.99999994,
          0,
          -0,
          0,
          -0,
          0.8660254,
          -0.49999994,
          0,
          0,
          0.49999994,
          0.8660254,
          0,
          -0.03016786,
          1.5938796,
          -0.8423725,
          1
        ]
      },
      {
        "date" : 735396374.601919,
        "title" : "Untitled",
        "transform" : [
          0.99999994,
          0,
          -0,
          0,
          -0,
          0.8660254,
          -0.49999994,
          0,
          0,
          0.49999994,
          0.8660254,
          0,
          0,
          0.22281513,
          0.38592714,
          1
        ]
      }
    ],
    "549D2E12-3E81-48FB-8E20-AFE009576E99" : [
      {
        "date" : 735396670.760519,
        "title" : "Untitled",
        "transform" : [
          0.99999994,
          0,
          0,
          0,
          0,
          0.86602503,
          -0.5000007,
          0,
          0,
          0.5000007,
          0.86602503,
          0,
          0.029818611,
          1.6233456,
          -0.79435873,
          1
        ]
      },
      {
        "date" : 735396315.555088,
        "title" : "Untitled",
        "transform" : [
          0.99999994,
          0,
          0,
          0,
          0,
          0.86602503,
          -0.5000007,
          0,
          0,
          0.5000007,
          0.86602503,
          0,
          0.0116476435,
          1.6233456,
          -0.79435873,
          1
        ]
      },
      {
        "date" : 735396310.26833,
        "title" : "Untitled",
        "transform" : [
          0.99999994,
          0,
          0,
          0,
          0,
          0.86602503,
          -0.5000007,
          0,
          0,
          0.5000007,
          0.86602503,
          0,
          0.032701947,
          1.8463055,
          -0.4226411,
          1
        ]
      },
      {
        "date" : 735396303.637875,
        "title" : "Untitled",
        "transform" : [
          0.99999994,
          0,
          0,
          0,
          0,
          0.86602503,
          -0.5000007,
          0,
          0,
          0.5000007,
          0.86602503,
          0,
          0.09475541,
          2.503436,
          0.6729243,
          1
        ]
      },
      {
        "date" : 735396251.66786,
        "title" : "Untitled",
        "transform" : [
          0.99999994,
          0,
          -0,
          0,
          -0,
          0.86602503,
          -0.5000007,
          0,
          0,
          0.5000007,
          0.86602503,
          0,
          -0.30167887,
          0.9387933,
          1.5762732,
          1
        ]
      },
      {
        "date" : 735313189.011925,
        "title" : "Untitled",
        "transform" : [
          0.99999994,
          0,
          -0,
          0,
          -0,
          0.8660249,
          -0.5000007,
          0,
          0,
          0.5000007,
          0.8660249,
          0,
          0,
          1.5680947,
          -0.88267016,
          1
        ]
      },
      {
        "date" : 735312738.066666,
        "title" : "Untitled",
        "transform" : [
          1,
          0,
          -0,
          0,
          -0,
          0.8660249,
          -0.5000008,
          0,
          0,
          0.5000008,
          0.8660249,
          0,
          0,
          2.8725023,
          3.1686723,
          1
        ]
      }
    ],
    "AF09ED6F-1707-48FD-8720-65B998362C09" : [
      {
        "date" : 735313554.455273,
        "title" : "Untitled",
        "transform" : [
          0.80945706,
          4.9901097e-08,
          -0.5871791,
          0,
          -0.29436797,
          0.86525875,
          -0.4058015,
          0,
          0.5080618,
          0.5013256,
          0.7003898,
          0,
          0.14799882,
          1.6610887,
          -0.6407293,
          1
        ]
      },
      {
        "date" : 735313547.881152,
        "title" : "Untitled",
        "transform" : [
          0.80945706,
          4.9901097e-08,
          -0.5871791,
          0,
          -0.29436797,
          0.86525875,
          -0.4058015,
          0,
          0.5080618,
          0.5013256,
          0.7003898,
          0,
          0.56577843,
          2.115819,
          0.37344074,
          1
        ]
      },
      {
        "date" : 735313539.329204,
        "title" : "Untitled",
        "transform" : [
          0.80945706,
          4.9901097e-08,
          -0.5871791,
          0,
          -0.29436797,
          0.86525875,
          -0.4058015,
          0,
          0.5080618,
          0.5013256,
          0.7003898,
          0,
          0.7905276,
          0.7500095,
          1.1880281,
          1
        ]
      },
      {
        "date" : 735313534.780458,
        "title" : "Untitled",
        "transform" : [
          0.80945706,
          4.9901097e-08,
          -0.5871791,
          0,
          -0.29436797,
          0.86525875,
          -0.4058015,
          0,
          0.5080618,
          0.5013256,
          0.7003898,
          0,
          0.07905263,
          1.5750006,
          -0.881197,
          1
        ]
      },
      {
        "date" : 735313532.996247,
        "title" : "Untitled",
        "transform" : [
          0.80945706,
          4.9901097e-08,
          -0.5871791,
          0,
          -0.29436797,
          0.86525875,
          -0.4058015,
          0,
          0.5080618,
          0.5013256,
          0.7003898,
          0,
          1.0656841,
          0.8514677,
          2.1461694,
          1
        ]
      },
      {
        "date" : 735313483.190323,
        "title" : "Untitled",
        "transform" : [
          0.80945706,
          4.9901097e-08,
          -0.5871791,
          0,
          -0.29436797,
          0.86525875,
          -0.4058015,
          0,
          0.5080618,
          0.5013256,
          0.7003898,
          0,
          0.5869018,
          0.4689269,
          1.1819551,
          1
        ]
      },
      {
        "date" : 735313414.330747,
        "title" : "Untitled",
        "transform" : [
          0.80945706,
          4.9901097e-08,
          -0.5871791,
          0,
          -0.29436797,
          0.86525875,
          -0.4058015,
          0,
          0.5080618,
          0.5013256,
          0.7003898,
          0,
          0.20862284,
          1.6842444,
          -0.61138695,
          1
        ]
      },
      {
        "date" : 735313345.83565,
        "title" : "Untitled",
        "transform" : [
          0.80945706,
          4.9901097e-08,
          -0.5871791,
          0,
          -0.29436797,
          0.86525875,
          -0.4058015,
          0,
          0.5080618,
          0.5013256,
          0.7003898,
          0,
          0.4504579,
          1.8978202,
          -0.16090769,
          1
        ]
      },
      {
        "date" : 735313344.603976,
        "title" : "Untitled",
        "transform" : [
          0.80945706,
          4.9901097e-08,
          -0.5871791,
          0,
          -0.29436797,
          0.86525875,
          -0.4058015,
          0,
          0.5080618,
          0.5013256,
          0.7003898,
          0,
          0.016055942,
          1.4691781,
          -0.75975347,
          1
        ]
      },
      {
        "date" : 735313337.733109,
        "title" : "Untitled",
        "transform" : [
          0.80945706,
          4.9901097e-08,
          -0.5871791,
          0,
          -0.29436797,
          0.86525875,
          -0.4058015,
          0,
          0.5080618,
          0.5013256,
          0.7003898,
          0,
          0.0790527,
          1.5750009,
          -0.8811973,
          1
        ]
      }
    ],
    "E69156F0-5ED2-4F53-B637-AEE20341B794" : [
      {
        "date" : 735397178.787011,
        "title" : "Untitled",
        "transform" : [
          1,
          0,
          -0,
          0,
          -0,
          0.8660942,
          -0.49988088,
          0,
          0,
          0.49988088,
          0.8660942,
          0,
          -0.3016789,
          2.5002677,
          4.3262835,
          1
        ]
      }
    ]
  }
}