{
  "advancedEditorSelectedIdentifier" : "ProjectBrowser",
  "openSceneRelativePaths" : [
    "Immersive.usda"
  ],
  "recentIdentifiers" : {
    "AF09ED6F-1707-48FD-8720-65B998362C09" : [

    ]
  },
  "sceneCameraHistory" : {
    "AF09ED6F-1707-48FD-8720-65B998362C09" : [
      {
        "date" : 734358993.294307,
        "title" : "Untitled",
        "transform" : [
          0.97140586,
          -9.32713e-10,
          -0.23742509,
          0,
          0.009645191,
          0.99917454,
          0.039462503,
          0,
          0.2372291,
          -0.04062414,
          0.970604,
          0,
          0.1692065,
          0.30177712,
          0.66608375,
          1
        ]
      },
      {
        "date" : 734358042.510278,
        "title" : "Untitled",
        "transform" : [
          0.97140586,
          -9.32713e-10,
          -0.23742509,
          0,
          0.009645191,
          0.99917454,
          0.039462503,
          0,
          0.2372291,
          -0.04062414,
          0.970604,
          0,
          0.03662715,
          0.12893847,
          0.69125396,
          1
        ]
      },
      {
        "date" : 734358014.470435,
        "title" : "Untitled",
        "transform" : [
          1,
          0,
          0,
          0,
          0,
          0.8660249,
          -0.5000008,
          0,
          0,
          0.5000008,
          0.8660249,
          0,
          0.042237446,
          0.52376896,
          0.66359216,
          1
        ]
      },
      {
        "date" : 734357361.224516,
        "title" : "Untitled",
        "transform" : [
          1,
          0,
          0,
          0,
          0,
          0.8660249,
          -0.5000008,
          0,
          0,
          0.5000008,
          0.8660249,
          0,
          0.07519669,
          1.0629028,
          0.9144798,
          1
        ]
      },
      {
        "date" : 734357270.224177,
        "title" : "Untitled",
        "transform" : [
          1,
          0,
          0,
          0,
          0,
          0.8660249,
          -0.5000008,
          0,
          0,
          0.5000008,
          0.8660249,
          0,
          0.27071473,
          3.8265438,
          3.292208,
          1
        ]
      },
      {
        "date" : 734357267.431452,
        "title" : "Untitled",
        "transform" : [
          1,
          0,
          -0,
          0,
          -0,
          0.8660249,
          -0.5000008,
          0,
          0,
          0.5000008,
          0.8660249,
          0,
          0,
          3.299039,
          3.5967648,
          1
        ]
      }
    ]
  }
}