{
  "advancedEditorSelectedIdentifier" : "ProjectBrowser",
  "openSceneRelativePaths" : [
    "Immersive.usda",
    "WaterAnimation.usda",
    "TerrariumScene.usda",
    "TerrariumCloudScene.usda",
    "TerrariumSunnyScene.usda",
    "TerrariumRainbowScene.usda",
    "TerrariumRainScene.usda",
    "TerrariumThunderScene.usda"
  ],
  "recentIdentifiers" : {
    "21A7285A-1FB4-41A1-AB1B-07E2DEB1F63C" : [

    ],
    "33FC1826-8C65-46F4-A95A-944ED2E64EEA" : [

    ],
    "80BDD26D-7950-405F-AE41-2572C5F11EFA" : [

    ],
    "342353B2-E0C0-4535-89D4-6D7F0122EFEA" : [

    ],
    "AF09ED6F-1707-48FD-8720-65B998362C09" : [

    ],
    "E85BD46A-2E58-41BB-9C61-E72FDC26D69C" : [

    ],
    "E308D5F6-FB42-4B21-9FB4-B888FF1BBD69" : [

    ]
  },
  "sceneCameraHistory" : {
    "21A7285A-1FB4-41A1-AB1B-07E2DEB1F63C" : [
      {
        "date" : 736864373.699942,
        "title" : "Untitled",
        "transform" : [
          -0.97583073,
          5.2190927e-09,
          -0.2185279,
          0,
          -0.0027313083,
          0.9999219,
          0.012196701,
          0,
          0.21851058,
          0.012498718,
          -0.9757546,
          0,
          0.09174754,
          0.13342187,
          -0.550575,
          1
        ]
      },
      {
        "date" : 736864320.617328,
        "title" : "Untitled",
        "transform" : [
          -0.97583073,
          5.2190927e-09,
          -0.2185279,
          0,
          -0.0027313083,
          0.9999219,
          0.012196701,
          0,
          0.21851058,
          0.012498718,
          -0.9757546,
          0,
          0.043960463,
          0.058950715,
          -0.30803406,
          1
        ]
      },
      {
        "date" : 736864295.671861,
        "title" : "Untitled",
        "transform" : [
          -0.9785986,
          5.2190927e-09,
          -0.20577872,
          0,
          -0.002571959,
          0.9999219,
          0.012231296,
          0,
          0.20576239,
          0.012498718,
          -0.97852224,
          0,
          0.008083835,
          0.18276905,
          -0.3763101,
          1
        ]
      },
      {
        "date" : 736864293.455342,
        "title" : "Untitled",
        "transform" : [
          -0.9785986,
          5.2190927e-09,
          -0.20577872,
          0,
          -0.002571959,
          0.9999219,
          0.012231296,
          0,
          0.20576239,
          0.012498718,
          -0.97852224,
          0,
          0.02683516,
          0.28051955,
          -0.7266354,
          1
        ]
      },
      {
        "date" : 736864288.152134,
        "title" : "Untitled",
        "transform" : [
          -0.9785986,
          5.2190927e-09,
          -0.20577872,
          0,
          -0.002571959,
          0.9999219,
          0.012231296,
          0,
          0.20576239,
          0.012498718,
          -0.97852224,
          0,
          0.0043883175,
          0.16350436,
          -0.30726796,
          1
        ]
      },
      {
        "date" : 736864281.541927,
        "title" : "Untitled",
        "transform" : [
          -0.21541853,
          4.065155e-09,
          -0.97652185,
          0,
          -0.3322312,
          0.9403463,
          0.073289484,
          0,
          0.9182687,
          0.34021887,
          -0.2025683,
          0,
          0.24758461,
          0.26503628,
          -0.0895426,
          1
        ]
      },
      {
        "date" : 736864271.265102,
        "title" : "Untitled",
        "transform" : [
          -0.19388838,
          4.870562e-09,
          -0.9810236,
          0,
          -0.10903533,
          0.9938043,
          0.021549642,
          0,
          0.97494537,
          0.11114444,
          -0.19268735,
          0,
          0.18810607,
          0.106906034,
          -0.034681257,
          1
        ]
      },
      {
        "date" : 736864263.113886,
        "title" : "Untitled",
        "transform" : [
          -0.9030156,
          8.536864e-09,
          0.42960775,
          0,
          0.047675442,
          0.99382335,
          0.10021151,
          0,
          -0.4269544,
          0.1109743,
          -0.8974378,
          0,
          -0.06795718,
          0.106872305,
          -0.21786666,
          1
        ]
      },
      {
        "date" : 736864249.737374,
        "title" : "Untitled",
        "transform" : [
          -0.95300025,
          6.7286474e-09,
          0.30296957,
          0,
          -0.009672026,
          0.9994903,
          -0.030423732,
          0,
          -0.30281538,
          -0.031924155,
          -0.9525144,
          0,
          -0.04236931,
          0.078410394,
          -0.22665173,
          1
        ]
      },
      {
        "date" : 736864241.400258,
        "title" : "Untitled",
        "transform" : [
          -0.2857898,
          6.182746e-09,
          -0.95829237,
          0,
          0.06694885,
          0.9975566,
          -0.019966012,
          0,
          0.95595086,
          -0.06986266,
          -0.2850917,
          0,
          0.17255218,
          0.07100022,
          -0.03779987,
          1
        ]
      }
    ],
    "33FC1826-8C65-46F4-A95A-944ED2E64EEA" : [
      {
        "date" : 738047732.482066,
        "title" : "Untitled",
        "transform" : [
          -0.05237555,
          -5.9063066e-08,
          -0.9986274,
          0,
          -0.35868856,
          0.9332678,
          0.018812278,
          0,
          0.93198675,
          0.35918146,
          -0.048880436,
          0,
          0.6819632,
          0.25428006,
          -0.22785553,
          1
        ]
      },
      {
        "date" : 738047722.724766,
        "title" : "Untitled",
        "transform" : [
          -0.9981922,
          -5.9032157e-08,
          0.06010338,
          0,
          0.018798042,
          0.94983137,
          0.31219727,
          0,
          -0.057088096,
          0.31276268,
          -0.94811416,
          0,
          -0.08013671,
          0.35102314,
          -0.40783063,
          1
        ]
      },
      {
        "date" : 738047714.767007,
        "title" : "Untitled",
        "transform" : [
          -0.9981922,
          -5.9032157e-08,
          0.06010338,
          0,
          0.018798042,
          0.94983137,
          0.31219727,
          0,
          -0.057088096,
          0.31276268,
          -0.94811416,
          0,
          -0.05921439,
          0.39398375,
          -0.34378123,
          1
        ]
      },
      {
        "date" : 738047706.632911,
        "title" : "Untitled",
        "transform" : [
          -0.9981922,
          -5.9032157e-08,
          0.06010338,
          0,
          0.018798042,
          0.94983137,
          0.31219727,
          0,
          -0.057088096,
          0.31276268,
          -0.94811416,
          0,
          0.046805955,
          0.3214188,
          -0.3741026,
          1
        ]
      },
      {
        "date" : 738047698.079327,
        "title" : "Untitled",
        "transform" : [
          -0.9981922,
          -5.9032157e-08,
          0.06010338,
          0,
          0.018798042,
          0.94983137,
          0.31219727,
          0,
          -0.057088096,
          0.31276268,
          -0.94811416,
          0,
          -0.0437615,
          0.17936534,
          -0.41550976,
          1
        ]
      },
      {
        "date" : 738047692.317541,
        "title" : "Untitled",
        "transform" : [
          -0.9997168,
          -5.9032157e-08,
          -0.023796724,
          0,
          -0.0074427826,
          0.94983137,
          0.31267413,
          0,
          0.022602852,
          0.3127627,
          -0.94956243,
          0,
          -0.018933302,
          0.24249138,
          -0.2103658,
          1
        ]
      },
      {
        "date" : 738047681.949298,
        "title" : "Untitled",
        "transform" : [
          -0.99534214,
          -5.888122e-08,
          0.09640581,
          0,
          0.0031996039,
          0.99944913,
          0.03303492,
          0,
          -0.09635271,
          0.033189517,
          -0.99479383,
          0,
          -0.04655775,
          0.17856961,
          -0.23242319,
          1
        ]
      },
      {
        "date" : 738047674.317368,
        "title" : "Untitled",
        "transform" : [
          -0.9980248,
          -5.8673493e-08,
          0.06282108,
          0,
          0.009365485,
          0.9888248,
          0.14878833,
          0,
          -0.06211905,
          0.1490828,
          -0.98687166,
          0,
          0.014293946,
          0.17654382,
          -0.075819016,
          1
        ]
      },
      {
        "date" : 738047671.885702,
        "title" : "Untitled",
        "transform" : [
          -0.9980248,
          -5.8673493e-08,
          0.06282108,
          0,
          0.009365485,
          0.9888248,
          0.14878833,
          0,
          -0.06211905,
          0.1490828,
          -0.98687166,
          0,
          -0.0012681065,
          0.23812722,
          -0.06553637,
          1
        ]
      },
      {
        "date" : 738047662.692325,
        "title" : "Untitled",
        "transform" : [
          -0.9980248,
          -5.8209363e-08,
          0.06282108,
          0,
          0.009365485,
          0.9888248,
          0.14878833,
          0,
          -0.062119048,
          0.1490828,
          -0.98687166,
          0,
          -0.579036,
          1.4669628,
          -10.032379,
          1
        ]
      }
    ],
    "80BDD26D-7950-405F-AE41-2572C5F11EFA" : [
      {
        "date" : 736863396.15258,
        "title" : "Untitled",
        "transform" : [
          0.98127604,
          1.0771424e-08,
          0.19260655,
          0,
          0.09719696,
          0.86332995,
          -0.4951911,
          0,
          -0.16628304,
          0.5046399,
          0.847165,
          0,
          -0.06235999,
          0.19335759,
          0.35767382,
          1
        ]
      },
      {
        "date" : 736863221.223964,
        "title" : "Untitled",
        "transform" : [
          0.98127604,
          1.0771424e-08,
          0.19260655,
          0,
          0.09719696,
          0.86332995,
          -0.4951911,
          0,
          -0.16628304,
          0.5046399,
          0.847165,
          0,
          -0.026190486,
          0.21445766,
          0.35220435,
          1
        ]
      },
      {
        "date" : 736863212.805428,
        "title" : "Untitled",
        "transform" : [
          0.9716693,
          1.0771425e-08,
          0.23634478,
          0,
          0.119269006,
          0.86332995,
          -0.49034312,
          0,
          -0.20404354,
          0.5046399,
          0.8388712,
          0,
          -0.045755398,
          0.20860204,
          0.22059417,
          1
        ]
      },
      {
        "date" : 736863193.129814,
        "title" : "Untitled",
        "transform" : [
          0.9716693,
          1.0771425e-08,
          0.23634478,
          0,
          0.119269006,
          0.86332995,
          -0.49034312,
          0,
          -0.20404354,
          0.5046399,
          0.8388712,
          0,
          -0.021648418,
          0.15569976,
          0.106777236,
          1
        ]
      },
      {
        "date" : 736753163.386757,
        "title" : "Untitled",
        "transform" : [
          0.9716693,
          6.3005956e-09,
          0.23634478,
          0,
          0.119269006,
          0.8633298,
          -0.49034312,
          0,
          -0.20404351,
          0.50464,
          0.8388712,
          0,
          -0.054077942,
          0.19618453,
          0.28164703,
          1
        ]
      },
      {
        "date" : 736753160.72269,
        "title" : "Untitled",
        "transform" : [
          0.9716693,
          6.3005956e-09,
          0.23634478,
          0,
          0.119269006,
          0.8633298,
          -0.49034312,
          0,
          -0.20404351,
          0.50464,
          0.8388712,
          0,
          -0.011957029,
          0.12572134,
          0.06719885,
          1
        ]
      },
      {
        "date" : 736744926.043281,
        "title" : "Untitled",
        "transform" : [
          0.9716693,
          6.3005956e-09,
          0.23634478,
          0,
          0.119269006,
          0.8633298,
          -0.49034312,
          0,
          -0.20404351,
          0.50464,
          0.8388712,
          0,
          -0.056648314,
          0.20048454,
          0.29473346,
          1
        ]
      },
      {
        "date" : 736744121.330327,
        "title" : "Untitled",
        "transform" : [
          0.9716692,
          9.996479e-09,
          0.23634477,
          0,
          0.119269036,
          0.8633298,
          -0.49034315,
          0,
          -0.20404355,
          0.50464,
          0.8388712,
          0,
          -0.0805943,
          0.1817278,
          0.48090398,
          1
        ]
      },
      {
        "date" : 736744117.563414,
        "title" : "Untitled",
        "transform" : [
          0.9716692,
          9.996479e-09,
          0.23634477,
          0,
          0.119269036,
          0.8633298,
          -0.49034315,
          0,
          -0.20404355,
          0.50464,
          0.8388712,
          0,
          -0.043789644,
          0.28374347,
          0.42848662,
          1
        ]
      },
      {
        "date" : 736744115.184283,
        "title" : "Untitled",
        "transform" : [
          0.9716692,
          9.996479e-09,
          0.23634477,
          0,
          0.119269036,
          0.8633298,
          -0.49034315,
          0,
          -0.20404355,
          0.50464,
          0.8388712,
          0,
          -0.03134858,
          0.20312917,
          0.3067494,
          1
        ]
      }
    ],
    "549D2E12-3E81-48FB-8E20-AFE009576E99" : [
      {
        "date" : 736748692.431527,
        "title" : "Untitled",
        "transform" : [
          0.9998938,
          0,
          -0.014571627,
          0,
          -0.007285824,
          0.8660249,
          -0.49994764,
          0,
          0.012619393,
          0.5000007,
          0.865933,
          0,
          -0.010127904,
          1.5910711,
          -0.8143325,
          1
        ]
      },
      {
        "date" : 735313189.011925,
        "title" : "Untitled",
        "transform" : [
          0.99999994,
          0,
          -0,
          0,
          -0,
          0.8660249,
          -0.5000007,
          0,
          0,
          0.5000007,
          0.8660249,
          0,
          0,
          1.5680947,
          -0.88267016,
          1
        ]
      },
      {
        "date" : 735312738.066666,
        "title" : "Untitled",
        "transform" : [
          1,
          0,
          -0,
          0,
          -0,
          0.8660249,
          -0.5000008,
          0,
          0,
          0.5000008,
          0.8660249,
          0,
          0,
          2.8725023,
          3.1686723,
          1
        ]
      }
    ],
    "638D3911-F403-4EA4-A913-761096C695F8" : [
      {
        "date" : 735458489.987161,
        "title" : "Untitled",
        "transform" : [
          0.99999994,
          0,
          0,
          0,
          0,
          0.8660254,
          -0.49999988,
          0,
          0,
          0.49999988,
          0.8660254,
          0,
          -0.029855736,
          0.20886706,
          0.30392292,
          1
        ]
      },
      {
        "date" : 735458484.441818,
        "title" : "Untitled",
        "transform" : [
          0.99999994,
          0,
          -0,
          0,
          -0,
          0.8660254,
          -0.49999988,
          0,
          0,
          0.49999988,
          0.8660254,
          0,
          0,
          0.18381922,
          0.3183843,
          1
        ]
      }
    ],
    "342353B2-E0C0-4535-89D4-6D7F0122EFEA" : [
      {
        "date" : 737275142.176869,
        "title" : "Untitled",
        "transform" : [
          -0.25521538,
          -6.5476347e-10,
          -0.9668842,
          0,
          -0.6831448,
          0.7076707,
          0.18032058,
          0,
          0.684236,
          0.7065422,
          -0.18060832,
          0,
          0.1075058,
          0.35323158,
          -0.05161041,
          1
        ]
      },
      {
        "date" : 736860327.673584,
        "title" : "Untitled",
        "transform" : [
          -0.25521538,
          -6.5476347e-10,
          -0.9668842,
          0,
          -0.6831448,
          0.7076707,
          0.18032058,
          0,
          0.684236,
          0.7065422,
          -0.18060832,
          0,
          0.16158202,
          0.32413256,
          0.03942214,
          1
        ]
      },
      {
        "date" : 736860321.909121,
        "title" : "Untitled",
        "transform" : [
          -0.6569148,
          8.340243e-09,
          -0.7539648,
          0,
          -0.21002297,
          0.9604194,
          0.182989,
          0,
          0.72412264,
          0.27855772,
          -0.6309136,
          0,
          0.12766881,
          0.229788,
          -0.12322349,
          1
        ]
      },
      {
        "date" : 736860218.699333,
        "title" : "Untitled",
        "transform" : [
          -0.66119534,
          8.340243e-09,
          -0.7502138,
          0,
          -0.2089781,
          0.9604194,
          0.18418139,
          0,
          0.7205201,
          0.27855772,
          -0.6350248,
          0,
          0.17775667,
          0.21830182,
          -0.14270802,
          1
        ]
      },
      {
        "date" : 736860200.773369,
        "title" : "Untitled",
        "transform" : [
          -0.66119534,
          8.340243e-09,
          -0.7502138,
          0,
          -0.2089781,
          0.9604194,
          0.18418139,
          0,
          0.7205201,
          0.27855772,
          -0.6350248,
          0,
          0.17317349,
          0.21365915,
          -0.14994478,
          1
        ]
      },
      {
        "date" : 736856965.18083,
        "title" : "Untitled",
        "transform" : [
          -0.66119534,
          8.340243e-09,
          -0.7502138,
          0,
          -0.2089781,
          0.9604194,
          0.18418139,
          0,
          0.7205201,
          0.27855772,
          -0.6350248,
          0,
          0.23445064,
          0.28240773,
          -0.19499743,
          1
        ]
      },
      {
        "date" : 736854850.664776,
        "title" : "Untitled",
        "transform" : [
          -0.66119534,
          8.340243e-09,
          -0.7502138,
          0,
          -0.2089781,
          0.9604194,
          0.18418139,
          0,
          0.7205201,
          0.27855772,
          -0.6350248,
          0,
          0.098533995,
          0.22986147,
          -0.07520835,
          1
        ]
      },
      {
        "date" : 736854848.770061,
        "title" : "Untitled",
        "transform" : [
          -0.66119534,
          8.340243e-09,
          -0.7502138,
          0,
          -0.2089781,
          0.9604194,
          0.18418139,
          0,
          0.7205201,
          0.27855772,
          -0.6350248,
          0,
          0.16078857,
          0.23919491,
          -0.13366675,
          1
        ]
      },
      {
        "date" : 736854674.006042,
        "title" : "Untitled",
        "transform" : [
          -0.66119534,
          8.340243e-09,
          -0.7502138,
          0,
          -0.2089781,
          0.9604194,
          0.18418139,
          0,
          0.7205201,
          0.27855772,
          -0.6350248,
          0,
          0.2825582,
          0.2910935,
          -0.24986964,
          1
        ]
      },
      {
        "date" : 736854671.231696,
        "title" : "Untitled",
        "transform" : [
          -0.66119534,
          8.340243e-09,
          -0.7502138,
          0,
          -0.2089781,
          0.9604194,
          0.18418139,
          0,
          0.7205201,
          0.27855772,
          -0.6350248,
          0,
          0.058739327,
          0.20456363,
          -0.052608546,
          1
        ]
      }
    ],
    "AF09ED6F-1707-48FD-8720-65B998362C09" : [
      {
        "date" : 735313554.455273,
        "title" : "Untitled",
        "transform" : [
          0.80945706,
          4.9901097e-08,
          -0.5871791,
          0,
          -0.29436797,
          0.86525875,
          -0.4058015,
          0,
          0.5080618,
          0.5013256,
          0.7003898,
          0,
          0.14799882,
          1.6610887,
          -0.6407293,
          1
        ]
      },
      {
        "date" : 735313547.881152,
        "title" : "Untitled",
        "transform" : [
          0.80945706,
          4.9901097e-08,
          -0.5871791,
          0,
          -0.29436797,
          0.86525875,
          -0.4058015,
          0,
          0.5080618,
          0.5013256,
          0.7003898,
          0,
          0.56577843,
          2.115819,
          0.37344074,
          1
        ]
      },
      {
        "date" : 735313539.329204,
        "title" : "Untitled",
        "transform" : [
          0.80945706,
          4.9901097e-08,
          -0.5871791,
          0,
          -0.29436797,
          0.86525875,
          -0.4058015,
          0,
          0.5080618,
          0.5013256,
          0.7003898,
          0,
          0.7905276,
          0.7500095,
          1.1880281,
          1
        ]
      },
      {
        "date" : 735313534.780458,
        "title" : "Untitled",
        "transform" : [
          0.80945706,
          4.9901097e-08,
          -0.5871791,
          0,
          -0.29436797,
          0.86525875,
          -0.4058015,
          0,
          0.5080618,
          0.5013256,
          0.7003898,
          0,
          0.07905263,
          1.5750006,
          -0.881197,
          1
        ]
      },
      {
        "date" : 735313532.996247,
        "title" : "Untitled",
        "transform" : [
          0.80945706,
          4.9901097e-08,
          -0.5871791,
          0,
          -0.29436797,
          0.86525875,
          -0.4058015,
          0,
          0.5080618,
          0.5013256,
          0.7003898,
          0,
          1.0656841,
          0.8514677,
          2.1461694,
          1
        ]
      },
      {
        "date" : 735313483.190323,
        "title" : "Untitled",
        "transform" : [
          0.80945706,
          4.9901097e-08,
          -0.5871791,
          0,
          -0.29436797,
          0.86525875,
          -0.4058015,
          0,
          0.5080618,
          0.5013256,
          0.7003898,
          0,
          0.5869018,
          0.4689269,
          1.1819551,
          1
        ]
      },
      {
        "date" : 735313414.330747,
        "title" : "Untitled",
        "transform" : [
          0.80945706,
          4.9901097e-08,
          -0.5871791,
          0,
          -0.29436797,
          0.86525875,
          -0.4058015,
          0,
          0.5080618,
          0.5013256,
          0.7003898,
          0,
          0.20862284,
          1.6842444,
          -0.61138695,
          1
        ]
      },
      {
        "date" : 735313345.83565,
        "title" : "Untitled",
        "transform" : [
          0.80945706,
          4.9901097e-08,
          -0.5871791,
          0,
          -0.29436797,
          0.86525875,
          -0.4058015,
          0,
          0.5080618,
          0.5013256,
          0.7003898,
          0,
          0.4504579,
          1.8978202,
          -0.16090769,
          1
        ]
      },
      {
        "date" : 735313344.603976,
        "title" : "Untitled",
        "transform" : [
          0.80945706,
          4.9901097e-08,
          -0.5871791,
          0,
          -0.29436797,
          0.86525875,
          -0.4058015,
          0,
          0.5080618,
          0.5013256,
          0.7003898,
          0,
          0.016055942,
          1.4691781,
          -0.75975347,
          1
        ]
      },
      {
        "date" : 735313337.733109,
        "title" : "Untitled",
        "transform" : [
          0.80945706,
          4.9901097e-08,
          -0.5871791,
          0,
          -0.29436797,
          0.86525875,
          -0.4058015,
          0,
          0.5080618,
          0.5013256,
          0.7003898,
          0,
          0.0790527,
          1.5750009,
          -0.8811973,
          1
        ]
      }
    ],
    "E85BD46A-2E58-41BB-9C61-E72FDC26D69C" : [
      {
        "date" : 735458492.784986,
        "title" : "Untitled",
        "transform" : [
          0.99999994,
          0,
          0,
          0,
          0,
          0.8660254,
          -0.49999988,
          0,
          0,
          0.49999988,
          0.8660254,
          0,
          0.04058376,
          1.6561016,
          -0.40621197,
          1
        ]
      },
      {
        "date" : 735458159.067605,
        "title" : "Untitled",
        "transform" : [
          0.99999994,
          0,
          0,
          0,
          0,
          0.8660254,
          -0.49999988,
          0,
          0,
          0.49999988,
          0.8660254,
          0,
          -0.012024821,
          1.6456877,
          -0.40019953,
          1
        ]
      },
      {
        "date" : 735458155.00937,
        "title" : "Untitled",
        "transform" : [
          0.99999994,
          0,
          -0,
          0,
          -0,
          0.8660254,
          -0.49999988,
          0,
          0,
          0.49999988,
          0.8660254,
          0,
          -1.8626451e-09,
          1.5827265,
          -0.79640937,
          1
        ]
      },
      {
        "date" : 735458014.253076,
        "title" : "Untitled",
        "transform" : [
          0.99999994,
          0,
          0,
          0,
          0,
          0.8660255,
          -0.49999988,
          0,
          0,
          0.49999988,
          0.8660255,
          0,
          -0.021462277,
          0.1454429,
          0.40429702,
          1
        ]
      },
      {
        "date" : 735457831.449679,
        "title" : "Untitled",
        "transform" : [
          0.99999994,
          0,
          -0,
          0,
          -0,
          0.8660255,
          -0.49999988,
          0,
          0,
          0.49999988,
          0.8660255,
          0,
          0,
          0.21142647,
          0.3662014,
          1
        ]
      }
    ],
    "E308D5F6-FB42-4B21-9FB4-B888FF1BBD69" : [
      {
        "date" : 738050209.655674,
        "title" : "Untitled",
        "transform" : [
          0.9982739,
          2.4365654e-08,
          -0.05872976,
          0,
          -0.027893458,
          0.88001525,
          -0.47412556,
          0,
          0.051683154,
          0.47494537,
          0.8784963,
          0,
          0.05211854,
          0.44869113,
          0.356817,
          1
        ]
      },
      {
        "date" : 738050207.651613,
        "title" : "Untitled",
        "transform" : [
          0.9966487,
          2.4460832e-08,
          0.08180046,
          0,
          -0.0018686979,
          0.999739,
          0.02276764,
          0,
          -0.08177904,
          -0.022844184,
          0.9963887,
          0,
          -0.023779232,
          0.16408247,
          0.3888933,
          1
        ]
      },
      {
        "date" : 738050188.448267,
        "title" : "Untitled",
        "transform" : [
          0.99496865,
          2.2545967e-08,
          0.100187115,
          0,
          0.040757928,
          0.913509,
          -0.40477157,
          0,
          -0.091521785,
          0.40681845,
          0.90891284,
          0,
          0.013307246,
          0.17994133,
          0.22909002,
          1
        ]
      },
      {
        "date" : 738050186.036106,
        "title" : "Untitled",
        "transform" : [
          0.99979275,
          2.2533525e-08,
          0.02035891,
          0,
          0.008210168,
          0.91507953,
          -0.40318978,
          0,
          -0.018629968,
          0.4032734,
          0.9148899,
          0,
          0.03381389,
          0.17895375,
          0.22743583,
          1
        ]
      },
      {
        "date" : 738050183.286376,
        "title" : "Untitled",
        "transform" : [
          0.99979275,
          2.2533525e-08,
          0.02035891,
          0,
          0.008210168,
          0.91507953,
          -0.40318978,
          0,
          -0.018629968,
          0.4032734,
          0.9148899,
          0,
          0.04494644,
          0.2040914,
          0.30934495,
          1
        ]
      },
      {
        "date" : 738050175.66754,
        "title" : "Untitled",
        "transform" : [
          0.12123174,
          2.2543544e-08,
          0.99262416,
          0,
          0.44698212,
          0.8928756,
          -0.05459111,
          0,
          -0.88628995,
          0.45030347,
          0.108244926,
          0,
          -0.19091105,
          0.17189637,
          0.026384369,
          1
        ]
      },
      {
        "date" : 738050163.903934,
        "title" : "Untitled",
        "transform" : [
          0.93183005,
          2.2547209e-08,
          0.36289483,
          0,
          0.13237749,
          0.931093,
          -0.3399149,
          0,
          -0.33788878,
          0.36478198,
          0.8676204,
          0,
          -0.025921512,
          0.18049674,
          0.20132004,
          1
        ]
      },
      {
        "date" : 738050121.853601,
        "title" : "Untitled",
        "transform" : [
          0.93183005,
          2.2547209e-08,
          0.36289483,
          0,
          0.13237749,
          0.931093,
          -0.3399149,
          0,
          -0.33788878,
          0.36478198,
          0.8676204,
          0,
          -0.05637291,
          0.23602898,
          0.42758274,
          1
        ]
      },
      {
        "date" : 738050119.675834,
        "title" : "Untitled",
        "transform" : [
          0.93183005,
          2.2547209e-08,
          0.36289483,
          0,
          0.13237749,
          0.931093,
          -0.3399149,
          0,
          -0.33788878,
          0.36478198,
          0.8676204,
          0,
          -0.10133381,
          0.20660202,
          0.4224453,
          1
        ]
      },
      {
        "date" : 738050077.514611,
        "title" : "Untitled",
        "transform" : [
          0.93183005,
          2.2547209e-08,
          0.36289483,
          0,
          0.13237749,
          0.931093,
          -0.3399149,
          0,
          -0.33788878,
          0.36478198,
          0.8676204,
          0,
          0.099340156,
          0.17604356,
          0.51344436,
          1
        ]
      }
    ]
  },
  "selectedSceneRelativePath" : "TerrariumCloudScene.usda"
}