{
  "advancedEditorSelectedIdentifier" : "ProjectBrowser",
  "openSceneRelativePaths" : [
    "Immersive.usda",
    "WaterAnimation.usda"
  ],
  "recentIdentifiers" : {
    "AF09ED6F-1707-48FD-8720-65B998362C09" : [

    ]
  },
  "sceneCameraHistory" : {
    "549D2E12-3E81-48FB-8E20-AFE009576E99" : [
      {
        "date" : 735312738.066666,
        "title" : "Untitled",
        "transform" : [
          1,
          0,
          -0,
          0,
          -0,
          0.8660249,
          -0.5000008,
          0,
          0,
          0.5000008,
          0.8660249,
          0,
          0,
          2.8725023,
          3.1686723,
          1
        ]
      }
    ],
    "AF09ED6F-1707-48FD-8720-65B998362C09" : [
      {
        "date" : 734592251.098538,
        "title" : "Untitled",
        "transform" : [
          0.8094569,
          -3.542908e-08,
          -0.58717936,
          0,
          -0.20247062,
          0.93866915,
          -0.27911618,
          0,
          0.5511672,
          0.34481907,
          0.75981224,
          0,
          0.5108275,
          2.2083788,
          -0.2521823,
          1
        ]
      },
      {
        "date" : 734592240.054714,
        "title" : "Untitled",
        "transform" : [
          0.8094569,
          -3.542908e-08,
          -0.58717936,
          0,
          -0.20247062,
          0.93866915,
          -0.27911618,
          0,
          0.5511672,
          0.34481907,
          0.75981224,
          0,
          0.8164162,
          0.47275,
          0.92482316,
          1
        ]
      },
      {
        "date" : 734592228.848457,
        "title" : "Untitled",
        "transform" : [
          0.8094569,
          -3.542908e-08,
          -0.58717936,
          0,
          -0.20247062,
          0.93866915,
          -0.27911618,
          0,
          0.5511672,
          0.34481907,
          0.75981224,
          0,
          0.19391139,
          0.22318825,
          0.32987022,
          1
        ]
      },
      {
        "date" : 734507672.890245,
        "title" : "Untitled",
        "transform" : [
          0.80536073,
          -3.542908e-08,
          -0.592785,
          0,
          -0.20440355,
          0.93866915,
          -0.27770376,
          0,
          0.556429,
          0.34481907,
          0.7559673,
          0,
          5.2740946,
          6.393779,
          6.5661917,
          1
        ]
      },
      {
        "date" : 734503323.603377,
        "title" : "Untitled",
        "transform" : [
          0.80536073,
          -3.542908e-08,
          -0.592785,
          0,
          -0.20440355,
          0.93866915,
          -0.27770376,
          0,
          0.556429,
          0.34481907,
          0.7559673,
          0,
          6.358799,
          3.9039793,
          6.9034686,
          1
        ]
      },
      {
        "date" : 734503272.329274,
        "title" : "Untitled",
        "transform" : [
          0.80536073,
          -3.542908e-08,
          -0.592785,
          0,
          -0.20440355,
          0.93866915,
          -0.27770376,
          0,
          0.556429,
          0.34481907,
          0.7559673,
          0,
          0.090391636,
          0.04100275,
          0.1284976,
          1
        ]
      },
      {
        "date" : 734503264.777412,
        "title" : "Untitled",
        "transform" : [
          0.80536073,
          -3.542908e-08,
          -0.592785,
          0,
          -0.20440355,
          0.93866915,
          -0.27770376,
          0,
          0.556429,
          0.34481907,
          0.7559673,
          0,
          7.4492817,
          -6.884789,
          5.0868053,
          1
        ]
      },
      {
        "date" : 734503164.017331,
        "title" : "Untitled",
        "transform" : [
          0.80536073,
          -3.542908e-08,
          -0.592785,
          0,
          -0.20440355,
          0.93866915,
          -0.27770376,
          0,
          0.556429,
          0.34481907,
          0.7559673,
          0,
          0.090390444,
          0.04100275,
          0.1284959,
          1
        ]
      },
      {
        "date" : 734503162.241016,
        "title" : "Untitled",
        "transform" : [
          0.80536073,
          -3.542908e-08,
          -0.592785,
          0,
          -0.20440355,
          0.93866915,
          -0.27770376,
          0,
          0.556429,
          0.34481907,
          0.7559673,
          0,
          3.4097557,
          6.5465546,
          -0.15278769,
          1
        ]
      },
      {
        "date" : 734503160.746125,
        "title" : "Untitled",
        "transform" : [
          0.80536073,
          -3.542908e-08,
          -0.592785,
          0,
          -0.20440355,
          0.93866915,
          -0.27770376,
          0,
          0.556429,
          0.34481907,
          0.7559673,
          0,
          6.9193463,
          7.29171,
          2.966793,
          1
        ]
      }
    ]
  },
  "selectedSceneRelativePath" : "WaterAnimation.usda"
}