{
  "advancedEditorSelectedIdentifier" : "ProjectBrowser",
  "openSceneRelativePaths" : [
    "Immersive.usda",
    "WaterAnimation.usda",
    "TerrariumScene.usda",
    "TerrariumCloudScene.usda",
    "TerrariumSunnyScene.usda",
    "TerrariumRainbowScene.usda",
    "TerrariumRainScene.usda",
    "TerrariumThunderScene.usda"
  ],
  "recentIdentifiers" : {
    "21A7285A-1FB4-41A1-AB1B-07E2DEB1F63C" : [

    ],
    "33FC1826-8C65-46F4-A95A-944ED2E64EEA" : [

    ],
    "80BDD26D-7950-405F-AE41-2572C5F11EFA" : [

    ],
    "342353B2-E0C0-4535-89D4-6D7F0122EFEA" : [

    ],
    "AF09ED6F-1707-48FD-8720-65B998362C09" : [

    ],
    "E85BD46A-2E58-41BB-9C61-E72FDC26D69C" : [

    ],
    "E308D5F6-FB42-4B21-9FB4-B888FF1BBD69" : [

    ]
  },
  "sceneCameraHistory" : {
    "21A7285A-1FB4-41A1-AB1B-07E2DEB1F63C" : [
      {
        "date" : 736864373.699942,
        "title" : "Untitled",
        "transform" : [
          -0.97583073,
          5.2190927e-09,
          -0.2185279,
          0,
          -0.0027313083,
          0.9999219,
          0.012196701,
          0,
          0.21851058,
          0.012498718,
          -0.9757546,
          0,
          0.09174754,
          0.13342187,
          -0.550575,
          1
        ]
      },
      {
        "date" : 736864320.617328,
        "title" : "Untitled",
        "transform" : [
          -0.97583073,
          5.2190927e-09,
          -0.2185279,
          0,
          -0.0027313083,
          0.9999219,
          0.012196701,
          0,
          0.21851058,
          0.012498718,
          -0.9757546,
          0,
          0.043960463,
          0.058950715,
          -0.30803406,
          1
        ]
      },
      {
        "date" : 736864295.671861,
        "title" : "Untitled",
        "transform" : [
          -0.9785986,
          5.2190927e-09,
          -0.20577872,
          0,
          -0.002571959,
          0.9999219,
          0.012231296,
          0,
          0.20576239,
          0.012498718,
          -0.97852224,
          0,
          0.008083835,
          0.18276905,
          -0.3763101,
          1
        ]
      },
      {
        "date" : 736864293.455342,
        "title" : "Untitled",
        "transform" : [
          -0.9785986,
          5.2190927e-09,
          -0.20577872,
          0,
          -0.002571959,
          0.9999219,
          0.012231296,
          0,
          0.20576239,
          0.012498718,
          -0.97852224,
          0,
          0.02683516,
          0.28051955,
          -0.7266354,
          1
        ]
      },
      {
        "date" : 736864288.152134,
        "title" : "Untitled",
        "transform" : [
          -0.9785986,
          5.2190927e-09,
          -0.20577872,
          0,
          -0.002571959,
          0.9999219,
          0.012231296,
          0,
          0.20576239,
          0.012498718,
          -0.97852224,
          0,
          0.0043883175,
          0.16350436,
          -0.30726796,
          1
        ]
      },
      {
        "date" : 736864281.541927,
        "title" : "Untitled",
        "transform" : [
          -0.21541853,
          4.065155e-09,
          -0.97652185,
          0,
          -0.3322312,
          0.9403463,
          0.073289484,
          0,
          0.9182687,
          0.34021887,
          -0.2025683,
          0,
          0.24758461,
          0.26503628,
          -0.0895426,
          1
        ]
      },
      {
        "date" : 736864271.265102,
        "title" : "Untitled",
        "transform" : [
          -0.19388838,
          4.870562e-09,
          -0.9810236,
          0,
          -0.10903533,
          0.9938043,
          0.021549642,
          0,
          0.97494537,
          0.11114444,
          -0.19268735,
          0,
          0.18810607,
          0.106906034,
          -0.034681257,
          1
        ]
      },
      {
        "date" : 736864263.113886,
        "title" : "Untitled",
        "transform" : [
          -0.9030156,
          8.536864e-09,
          0.42960775,
          0,
          0.047675442,
          0.99382335,
          0.10021151,
          0,
          -0.4269544,
          0.1109743,
          -0.8974378,
          0,
          -0.06795718,
          0.106872305,
          -0.21786666,
          1
        ]
      },
      {
        "date" : 736864249.737374,
        "title" : "Untitled",
        "transform" : [
          -0.95300025,
          6.7286474e-09,
          0.30296957,
          0,
          -0.009672026,
          0.9994903,
          -0.030423732,
          0,
          -0.30281538,
          -0.031924155,
          -0.9525144,
          0,
          -0.04236931,
          0.078410394,
          -0.22665173,
          1
        ]
      },
      {
        "date" : 736864241.400258,
        "title" : "Untitled",
        "transform" : [
          -0.2857898,
          6.182746e-09,
          -0.95829237,
          0,
          0.06694885,
          0.9975566,
          -0.019966012,
          0,
          0.95595086,
          -0.06986266,
          -0.2850917,
          0,
          0.17255218,
          0.07100022,
          -0.03779987,
          1
        ]
      }
    ],
    "33FC1826-8C65-46F4-A95A-944ED2E64EEA" : [
      {
        "date" : 736863141.749928,
        "title" : "Untitled",
        "transform" : [
          -0.99972093,
          -5.7491444e-08,
          0.023622513,
          0,
          0.007484761,
          0.94847757,
          0.3167561,
          0,
          -0.02240529,
          0.31684428,
          -0.9482129,
          0,
          -0.018151864,
          0.3352101,
          -0.403457,
          1
        ]
      },
      {
        "date" : 736863132.80803,
        "title" : "Untitled",
        "transform" : [
          -0.99968684,
          -5.7491444e-08,
          0.025025906,
          0,
          0.007929419,
          0.94847757,
          0.31674528,
          0,
          -0.023736376,
          0.31684428,
          -0.94818056,
          0,
          -0.02122806,
          0.25027108,
          -0.19022048,
          1
        ]
      },
      {
        "date" : 736754652.448491,
        "title" : "Untitled",
        "transform" : [
          -0.99968684,
          -5.7491444e-08,
          0.025025906,
          0,
          0.007929419,
          0.94847757,
          0.31674528,
          0,
          -0.023736376,
          0.31684428,
          -0.94818056,
          0,
          -0.03007921,
          0.2565049,
          -0.25166106,
          1
        ]
      },
      {
        "date" : 736753875.350887,
        "title" : "Untitled",
        "transform" : [
          -0.99968684,
          -5.7491444e-08,
          0.025025906,
          0,
          0.007929419,
          0.94847757,
          0.31674528,
          0,
          -0.023736376,
          0.31684428,
          -0.94818056,
          0,
          -0.066847466,
          0.21506843,
          -0.23748347,
          1
        ]
      },
      {
        "date" : 736753855.684256,
        "title" : "Untitled",
        "transform" : [
          -0.91446286,
          -5.750743e-08,
          0.40466985,
          0,
          0.1530165,
          0.92575395,
          0.3457826,
          0,
          -0.37462464,
          0.37812626,
          -0.8465678,
          0,
          -0.16975221,
          0.233435,
          -0.19696842,
          1
        ]
      },
      {
        "date" : 736753854.117458,
        "title" : "Untitled",
        "transform" : [
          -0.8132366,
          -6.944347e-08,
          0.5819332,
          0,
          -0.008197169,
          0.9999007,
          -0.011455501,
          0,
          -0.5818754,
          -0.01408652,
          -0.81315595,
          0,
          -0.2032905,
          0.1471307,
          -0.16848665,
          1
        ]
      },
      {
        "date" : 736753849.636627,
        "title" : "Untitled",
        "transform" : [
          -0.99999034,
          -7.2700395e-08,
          -0.0043960977,
          0,
          -0.0003975413,
          0.99590063,
          0.090452515,
          0,
          0.0043781744,
          0.09045312,
          -0.99589103,
          0,
          -0.08210924,
          0.16922753,
          -0.21570404,
          1
        ]
      },
      {
        "date" : 736753831.601243,
        "title" : "Untitled",
        "transform" : [
          -0.1930366,
          -7.26991e-08,
          0.9811914,
          0,
          0.07554552,
          0.9970314,
          0.014862493,
          0,
          -0.97827893,
          0.07699336,
          -0.19246371,
          0,
          -0.28770894,
          0.16634709,
          -0.038035218,
          1
        ]
      },
      {
        "date" : 736753825.199441,
        "title" : "Untitled",
        "transform" : [
          -0.26383993,
          -6.7227596e-08,
          0.96456647,
          0,
          0.9639789,
          0.034899462,
          0.26367906,
          0,
          -0.033663116,
          0.99939084,
          -0.009207982,
          0,
          -0.14938992,
          0.42184383,
          -0.016234001,
          1
        ]
      },
      {
        "date" : 736753819.900067,
        "title" : "Untitled",
        "transform" : [
          -0.5260168,
          -4.0985572e-08,
          0.8504742,
          0,
          0.4038909,
          0.88003933,
          0.24980567,
          0,
          -0.7484508,
          0.4749005,
          -0.4629155,
          0,
          -0.2733433,
          0.2666197,
          -0.11239312,
          1
        ]
      }
    ],
    "80BDD26D-7950-405F-AE41-2572C5F11EFA" : [
      {
        "date" : 736863396.15258,
        "title" : "Untitled",
        "transform" : [
          0.98127604,
          1.0771424e-08,
          0.19260655,
          0,
          0.09719696,
          0.86332995,
          -0.4951911,
          0,
          -0.16628304,
          0.5046399,
          0.847165,
          0,
          -0.06235999,
          0.19335759,
          0.35767382,
          1
        ]
      },
      {
        "date" : 736863221.223964,
        "title" : "Untitled",
        "transform" : [
          0.98127604,
          1.0771424e-08,
          0.19260655,
          0,
          0.09719696,
          0.86332995,
          -0.4951911,
          0,
          -0.16628304,
          0.5046399,
          0.847165,
          0,
          -0.026190486,
          0.21445766,
          0.35220435,
          1
        ]
      },
      {
        "date" : 736863212.805428,
        "title" : "Untitled",
        "transform" : [
          0.9716693,
          1.0771425e-08,
          0.23634478,
          0,
          0.119269006,
          0.86332995,
          -0.49034312,
          0,
          -0.20404354,
          0.5046399,
          0.8388712,
          0,
          -0.045755398,
          0.20860204,
          0.22059417,
          1
        ]
      },
      {
        "date" : 736863193.129814,
        "title" : "Untitled",
        "transform" : [
          0.9716693,
          1.0771425e-08,
          0.23634478,
          0,
          0.119269006,
          0.86332995,
          -0.49034312,
          0,
          -0.20404354,
          0.5046399,
          0.8388712,
          0,
          -0.021648418,
          0.15569976,
          0.106777236,
          1
        ]
      },
      {
        "date" : 736753163.386757,
        "title" : "Untitled",
        "transform" : [
          0.9716693,
          6.3005956e-09,
          0.23634478,
          0,
          0.119269006,
          0.8633298,
          -0.49034312,
          0,
          -0.20404351,
          0.50464,
          0.8388712,
          0,
          -0.054077942,
          0.19618453,
          0.28164703,
          1
        ]
      },
      {
        "date" : 736753160.72269,
        "title" : "Untitled",
        "transform" : [
          0.9716693,
          6.3005956e-09,
          0.23634478,
          0,
          0.119269006,
          0.8633298,
          -0.49034312,
          0,
          -0.20404351,
          0.50464,
          0.8388712,
          0,
          -0.011957029,
          0.12572134,
          0.06719885,
          1
        ]
      },
      {
        "date" : 736744926.043281,
        "title" : "Untitled",
        "transform" : [
          0.9716693,
          6.3005956e-09,
          0.23634478,
          0,
          0.119269006,
          0.8633298,
          -0.49034312,
          0,
          -0.20404351,
          0.50464,
          0.8388712,
          0,
          -0.056648314,
          0.20048454,
          0.29473346,
          1
        ]
      },
      {
        "date" : 736744121.330327,
        "title" : "Untitled",
        "transform" : [
          0.9716692,
          9.996479e-09,
          0.23634477,
          0,
          0.119269036,
          0.8633298,
          -0.49034315,
          0,
          -0.20404355,
          0.50464,
          0.8388712,
          0,
          -0.0805943,
          0.1817278,
          0.48090398,
          1
        ]
      },
      {
        "date" : 736744117.563414,
        "title" : "Untitled",
        "transform" : [
          0.9716692,
          9.996479e-09,
          0.23634477,
          0,
          0.119269036,
          0.8633298,
          -0.49034315,
          0,
          -0.20404355,
          0.50464,
          0.8388712,
          0,
          -0.043789644,
          0.28374347,
          0.42848662,
          1
        ]
      },
      {
        "date" : 736744115.184283,
        "title" : "Untitled",
        "transform" : [
          0.9716692,
          9.996479e-09,
          0.23634477,
          0,
          0.119269036,
          0.8633298,
          -0.49034315,
          0,
          -0.20404355,
          0.50464,
          0.8388712,
          0,
          -0.03134858,
          0.20312917,
          0.3067494,
          1
        ]
      }
    ],
    "549D2E12-3E81-48FB-8E20-AFE009576E99" : [
      {
        "date" : 736748692.431527,
        "title" : "Untitled",
        "transform" : [
          0.9998938,
          0,
          -0.014571627,
          0,
          -0.007285824,
          0.8660249,
          -0.49994764,
          0,
          0.012619393,
          0.5000007,
          0.865933,
          0,
          -0.010127904,
          1.5910711,
          -0.8143325,
          1
        ]
      },
      {
        "date" : 735313189.011925,
        "title" : "Untitled",
        "transform" : [
          0.99999994,
          0,
          -0,
          0,
          -0,
          0.8660249,
          -0.5000007,
          0,
          0,
          0.5000007,
          0.8660249,
          0,
          0,
          1.5680947,
          -0.88267016,
          1
        ]
      },
      {
        "date" : 735312738.066666,
        "title" : "Untitled",
        "transform" : [
          1,
          0,
          -0,
          0,
          -0,
          0.8660249,
          -0.5000008,
          0,
          0,
          0.5000008,
          0.8660249,
          0,
          0,
          2.8725023,
          3.1686723,
          1
        ]
      }
    ],
    "638D3911-F403-4EA4-A913-761096C695F8" : [
      {
        "date" : 735458489.987161,
        "title" : "Untitled",
        "transform" : [
          0.99999994,
          0,
          0,
          0,
          0,
          0.8660254,
          -0.49999988,
          0,
          0,
          0.49999988,
          0.8660254,
          0,
          -0.029855736,
          0.20886706,
          0.30392292,
          1
        ]
      },
      {
        "date" : 735458484.441818,
        "title" : "Untitled",
        "transform" : [
          0.99999994,
          0,
          -0,
          0,
          -0,
          0.8660254,
          -0.49999988,
          0,
          0,
          0.49999988,
          0.8660254,
          0,
          0,
          0.18381922,
          0.3183843,
          1
        ]
      }
    ],
    "342353B2-E0C0-4535-89D4-6D7F0122EFEA" : [
      {
        "date" : 737275142.176869,
        "title" : "Untitled",
        "transform" : [
          -0.25521538,
          -6.5476347e-10,
          -0.9668842,
          0,
          -0.6831448,
          0.7076707,
          0.18032058,
          0,
          0.684236,
          0.7065422,
          -0.18060832,
          0,
          0.1075058,
          0.35323158,
          -0.05161041,
          1
        ]
      },
      {
        "date" : 736860327.673584,
        "title" : "Untitled",
        "transform" : [
          -0.25521538,
          -6.5476347e-10,
          -0.9668842,
          0,
          -0.6831448,
          0.7076707,
          0.18032058,
          0,
          0.684236,
          0.7065422,
          -0.18060832,
          0,
          0.16158202,
          0.32413256,
          0.03942214,
          1
        ]
      },
      {
        "date" : 736860321.909121,
        "title" : "Untitled",
        "transform" : [
          -0.6569148,
          8.340243e-09,
          -0.7539648,
          0,
          -0.21002297,
          0.9604194,
          0.182989,
          0,
          0.72412264,
          0.27855772,
          -0.6309136,
          0,
          0.12766881,
          0.229788,
          -0.12322349,
          1
        ]
      },
      {
        "date" : 736860218.699333,
        "title" : "Untitled",
        "transform" : [
          -0.66119534,
          8.340243e-09,
          -0.7502138,
          0,
          -0.2089781,
          0.9604194,
          0.18418139,
          0,
          0.7205201,
          0.27855772,
          -0.6350248,
          0,
          0.17775667,
          0.21830182,
          -0.14270802,
          1
        ]
      },
      {
        "date" : 736860200.773369,
        "title" : "Untitled",
        "transform" : [
          -0.66119534,
          8.340243e-09,
          -0.7502138,
          0,
          -0.2089781,
          0.9604194,
          0.18418139,
          0,
          0.7205201,
          0.27855772,
          -0.6350248,
          0,
          0.17317349,
          0.21365915,
          -0.14994478,
          1
        ]
      },
      {
        "date" : 736856965.18083,
        "title" : "Untitled",
        "transform" : [
          -0.66119534,
          8.340243e-09,
          -0.7502138,
          0,
          -0.2089781,
          0.9604194,
          0.18418139,
          0,
          0.7205201,
          0.27855772,
          -0.6350248,
          0,
          0.23445064,
          0.28240773,
          -0.19499743,
          1
        ]
      },
      {
        "date" : 736854850.664776,
        "title" : "Untitled",
        "transform" : [
          -0.66119534,
          8.340243e-09,
          -0.7502138,
          0,
          -0.2089781,
          0.9604194,
          0.18418139,
          0,
          0.7205201,
          0.27855772,
          -0.6350248,
          0,
          0.098533995,
          0.22986147,
          -0.07520835,
          1
        ]
      },
      {
        "date" : 736854848.770061,
        "title" : "Untitled",
        "transform" : [
          -0.66119534,
          8.340243e-09,
          -0.7502138,
          0,
          -0.2089781,
          0.9604194,
          0.18418139,
          0,
          0.7205201,
          0.27855772,
          -0.6350248,
          0,
          0.16078857,
          0.23919491,
          -0.13366675,
          1
        ]
      },
      {
        "date" : 736854674.006042,
        "title" : "Untitled",
        "transform" : [
          -0.66119534,
          8.340243e-09,
          -0.7502138,
          0,
          -0.2089781,
          0.9604194,
          0.18418139,
          0,
          0.7205201,
          0.27855772,
          -0.6350248,
          0,
          0.2825582,
          0.2910935,
          -0.24986964,
          1
        ]
      },
      {
        "date" : 736854671.231696,
        "title" : "Untitled",
        "transform" : [
          -0.66119534,
          8.340243e-09,
          -0.7502138,
          0,
          -0.2089781,
          0.9604194,
          0.18418139,
          0,
          0.7205201,
          0.27855772,
          -0.6350248,
          0,
          0.058739327,
          0.20456363,
          -0.052608546,
          1
        ]
      }
    ],
    "AF09ED6F-1707-48FD-8720-65B998362C09" : [
      {
        "date" : 735313554.455273,
        "title" : "Untitled",
        "transform" : [
          0.80945706,
          4.9901097e-08,
          -0.5871791,
          0,
          -0.29436797,
          0.86525875,
          -0.4058015,
          0,
          0.5080618,
          0.5013256,
          0.7003898,
          0,
          0.14799882,
          1.6610887,
          -0.6407293,
          1
        ]
      },
      {
        "date" : 735313547.881152,
        "title" : "Untitled",
        "transform" : [
          0.80945706,
          4.9901097e-08,
          -0.5871791,
          0,
          -0.29436797,
          0.86525875,
          -0.4058015,
          0,
          0.5080618,
          0.5013256,
          0.7003898,
          0,
          0.56577843,
          2.115819,
          0.37344074,
          1
        ]
      },
      {
        "date" : 735313539.329204,
        "title" : "Untitled",
        "transform" : [
          0.80945706,
          4.9901097e-08,
          -0.5871791,
          0,
          -0.29436797,
          0.86525875,
          -0.4058015,
          0,
          0.5080618,
          0.5013256,
          0.7003898,
          0,
          0.7905276,
          0.7500095,
          1.1880281,
          1
        ]
      },
      {
        "date" : 735313534.780458,
        "title" : "Untitled",
        "transform" : [
          0.80945706,
          4.9901097e-08,
          -0.5871791,
          0,
          -0.29436797,
          0.86525875,
          -0.4058015,
          0,
          0.5080618,
          0.5013256,
          0.7003898,
          0,
          0.07905263,
          1.5750006,
          -0.881197,
          1
        ]
      },
      {
        "date" : 735313532.996247,
        "title" : "Untitled",
        "transform" : [
          0.80945706,
          4.9901097e-08,
          -0.5871791,
          0,
          -0.29436797,
          0.86525875,
          -0.4058015,
          0,
          0.5080618,
          0.5013256,
          0.7003898,
          0,
          1.0656841,
          0.8514677,
          2.1461694,
          1
        ]
      },
      {
        "date" : 735313483.190323,
        "title" : "Untitled",
        "transform" : [
          0.80945706,
          4.9901097e-08,
          -0.5871791,
          0,
          -0.29436797,
          0.86525875,
          -0.4058015,
          0,
          0.5080618,
          0.5013256,
          0.7003898,
          0,
          0.5869018,
          0.4689269,
          1.1819551,
          1
        ]
      },
      {
        "date" : 735313414.330747,
        "title" : "Untitled",
        "transform" : [
          0.80945706,
          4.9901097e-08,
          -0.5871791,
          0,
          -0.29436797,
          0.86525875,
          -0.4058015,
          0,
          0.5080618,
          0.5013256,
          0.7003898,
          0,
          0.20862284,
          1.6842444,
          -0.61138695,
          1
        ]
      },
      {
        "date" : 735313345.83565,
        "title" : "Untitled",
        "transform" : [
          0.80945706,
          4.9901097e-08,
          -0.5871791,
          0,
          -0.29436797,
          0.86525875,
          -0.4058015,
          0,
          0.5080618,
          0.5013256,
          0.7003898,
          0,
          0.4504579,
          1.8978202,
          -0.16090769,
          1
        ]
      },
      {
        "date" : 735313344.603976,
        "title" : "Untitled",
        "transform" : [
          0.80945706,
          4.9901097e-08,
          -0.5871791,
          0,
          -0.29436797,
          0.86525875,
          -0.4058015,
          0,
          0.5080618,
          0.5013256,
          0.7003898,
          0,
          0.016055942,
          1.4691781,
          -0.75975347,
          1
        ]
      },
      {
        "date" : 735313337.733109,
        "title" : "Untitled",
        "transform" : [
          0.80945706,
          4.9901097e-08,
          -0.5871791,
          0,
          -0.29436797,
          0.86525875,
          -0.4058015,
          0,
          0.5080618,
          0.5013256,
          0.7003898,
          0,
          0.0790527,
          1.5750009,
          -0.8811973,
          1
        ]
      }
    ],
    "E85BD46A-2E58-41BB-9C61-E72FDC26D69C" : [
      {
        "date" : 735458492.784986,
        "title" : "Untitled",
        "transform" : [
          0.99999994,
          0,
          0,
          0,
          0,
          0.8660254,
          -0.49999988,
          0,
          0,
          0.49999988,
          0.8660254,
          0,
          0.04058376,
          1.6561016,
          -0.40621197,
          1
        ]
      },
      {
        "date" : 735458159.067605,
        "title" : "Untitled",
        "transform" : [
          0.99999994,
          0,
          0,
          0,
          0,
          0.8660254,
          -0.49999988,
          0,
          0,
          0.49999988,
          0.8660254,
          0,
          -0.012024821,
          1.6456877,
          -0.40019953,
          1
        ]
      },
      {
        "date" : 735458155.00937,
        "title" : "Untitled",
        "transform" : [
          0.99999994,
          0,
          -0,
          0,
          -0,
          0.8660254,
          -0.49999988,
          0,
          0,
          0.49999988,
          0.8660254,
          0,
          -1.8626451e-09,
          1.5827265,
          -0.79640937,
          1
        ]
      },
      {
        "date" : 735458014.253076,
        "title" : "Untitled",
        "transform" : [
          0.99999994,
          0,
          0,
          0,
          0,
          0.8660255,
          -0.49999988,
          0,
          0,
          0.49999988,
          0.8660255,
          0,
          -0.021462277,
          0.1454429,
          0.40429702,
          1
        ]
      },
      {
        "date" : 735457831.449679,
        "title" : "Untitled",
        "transform" : [
          0.99999994,
          0,
          -0,
          0,
          -0,
          0.8660255,
          -0.49999988,
          0,
          0,
          0.49999988,
          0.8660255,
          0,
          0,
          0.21142647,
          0.3662014,
          1
        ]
      }
    ],
    "E308D5F6-FB42-4B21-9FB4-B888FF1BBD69" : [
      {
        "date" : 736863383.929368,
        "title" : "Untitled",
        "transform" : [
          -0.9514122,
          2.1447514e-08,
          -0.30792022,
          0,
          -0.011572951,
          0.99929345,
          0.035758194,
          0,
          0.3077027,
          0.037584323,
          -0.95074,
          0,
          1.1973972,
          0.40997666,
          -4.044944,
          1
        ]
      },
      {
        "date" : 736863365.171304,
        "title" : "Untitled",
        "transform" : [
          -0.9514122,
          2.1447514e-08,
          -0.30792022,
          0,
          -0.011572951,
          0.99929345,
          0.035758194,
          0,
          0.3077027,
          0.037584323,
          -0.95074,
          0,
          1.3276954,
          0.44014147,
          -4.4710803,
          1
        ]
      },
      {
        "date" : 736863363.699804,
        "title" : "Untitled",
        "transform" : [
          -0.9514122,
          2.1447514e-08,
          -0.30792022,
          0,
          -0.011572951,
          0.99929345,
          0.035758194,
          0,
          0.3077027,
          0.037584323,
          -0.95074,
          0,
          0.8176657,
          0.32206616,
          -2.8030455,
          1
        ]
      },
      {
        "date" : 736753153.537194,
        "title" : "Untitled",
        "transform" : [
          -0.9529599,
          2.1447514e-08,
          -0.3030965,
          0,
          -0.011391656,
          0.99929345,
          0.03581636,
          0,
          0.30288237,
          0.037584323,
          -0.95228654,
          0,
          0.39501125,
          0.24690056,
          -1.7006648,
          1
        ]
      },
      {
        "date" : 736753151.006296,
        "title" : "Untitled",
        "transform" : [
          -0.9529599,
          2.1447514e-08,
          -0.3030965,
          0,
          -0.011391656,
          0.99929345,
          0.03581636,
          0,
          0.30288237,
          0.037584323,
          -0.95228654,
          0,
          0.15638283,
          0.25265494,
          -0.8331397,
          1
        ]
      },
      {
        "date" : 736744915.94152,
        "title" : "Untitled",
        "transform" : [
          -0.95286727,
          2.1447512e-08,
          -0.30338728,
          0,
          -0.011402586,
          0.99929345,
          0.03581288,
          0,
          0.30317295,
          0.037584323,
          -0.9521941,
          0,
          0.8455532,
          0.23605934,
          -3.3348103,
          1
        ]
      },
      {
        "date" : 736744245.157609,
        "title" : "Untitled",
        "transform" : [
          -0.9528673,
          2.0757783e-08,
          -0.30338725,
          0,
          -0.011402513,
          0.99929345,
          0.0358129,
          0,
          0.30317283,
          0.037584215,
          -0.9521941,
          0,
          1.0436832,
          0.34707367,
          -2.283423,
          1
        ]
      },
      {
        "date" : 736744237.600982,
        "title" : "Untitled",
        "transform" : [
          -0.7598297,
          3.0320585e-08,
          -0.6501221,
          0,
          -0.2977421,
          0.88896316,
          0.34798598,
          0,
          0.5779346,
          0.45797876,
          -0.6754607,
          0,
          1.6909127,
          1.245784,
          -1.7993302,
          1
        ]
      },
      {
        "date" : 736744220.483015,
        "title" : "Untitled",
        "transform" : [
          -0.99815995,
          4.4497657e-08,
          -0.060636107,
          0,
          -0.012405746,
          0.9788468,
          0.20421842,
          0,
          0.059353452,
          0.20459484,
          -0.97704566,
          0,
          0.08490783,
          0.5062659,
          -2.4507604,
          1
        ]
      },
      {
        "date" : 736744138.722687,
        "title" : "Untitled",
        "transform" : [
          -0.99815995,
          4.4497657e-08,
          -0.060636107,
          0,
          -0.012405746,
          0.9788468,
          0.20421842,
          0,
          0.059353452,
          0.20459484,
          -0.97704566,
          0,
          0.09062603,
          0.29521286,
          -6.036839,
          1
        ]
      }
    ]
  },
  "selectedSceneRelativePath" : "TerrariumSunnyScene.usda"
}