{
  "advancedEditorSelectedIdentifier" : "ProjectBrowser",
  "openSceneRelativePaths" : [
    "Immersive.usda",
    "WaterAnimation.usda",
    "TerrariumScene.usda",
    "TerrariumCloudScene.usda"
  ],
  "recentIdentifiers" : {
    "AF09ED6F-1707-48FD-8720-65B998362C09" : [

    ],
    "E85BD46A-2E58-41BB-9C61-E72FDC26D69C" : [

    ]
  },
  "sceneCameraHistory" : {
    "549D2E12-3E81-48FB-8E20-AFE009576E99" : [
      {
        "date" : 735313189.011925,
        "title" : "Untitled",
        "transform" : [
          0.99999994,
          0,
          -0,
          0,
          -0,
          0.8660249,
          -0.5000007,
          0,
          0,
          0.5000007,
          0.8660249,
          0,
          0,
          1.5680947,
          -0.88267016,
          1
        ]
      },
      {
        "date" : 735312738.066666,
        "title" : "Untitled",
        "transform" : [
          1,
          0,
          -0,
          0,
          -0,
          0.8660249,
          -0.5000008,
          0,
          0,
          0.5000008,
          0.8660249,
          0,
          0,
          2.8725023,
          3.1686723,
          1
        ]
      }
    ],
    "638D3911-F403-4EA4-A913-761096C695F8" : [
      {
        "date" : 735458489.987161,
        "title" : "Untitled",
        "transform" : [
          0.99999994,
          0,
          0,
          0,
          0,
          0.8660254,
          -0.49999988,
          0,
          0,
          0.49999988,
          0.8660254,
          0,
          -0.029855736,
          0.20886706,
          0.30392292,
          1
        ]
      },
      {
        "date" : 735458484.441818,
        "title" : "Untitled",
        "transform" : [
          0.99999994,
          0,
          -0,
          0,
          -0,
          0.8660254,
          -0.49999988,
          0,
          0,
          0.49999988,
          0.8660254,
          0,
          0,
          0.18381922,
          0.3183843,
          1
        ]
      }
    ],
    "AF09ED6F-1707-48FD-8720-65B998362C09" : [
      {
        "date" : 735313554.455273,
        "title" : "Untitled",
        "transform" : [
          0.80945706,
          4.9901097e-08,
          -0.5871791,
          0,
          -0.29436797,
          0.86525875,
          -0.4058015,
          0,
          0.5080618,
          0.5013256,
          0.7003898,
          0,
          0.14799882,
          1.6610887,
          -0.6407293,
          1
        ]
      },
      {
        "date" : 735313547.881152,
        "title" : "Untitled",
        "transform" : [
          0.80945706,
          4.9901097e-08,
          -0.5871791,
          0,
          -0.29436797,
          0.86525875,
          -0.4058015,
          0,
          0.5080618,
          0.5013256,
          0.7003898,
          0,
          0.56577843,
          2.115819,
          0.37344074,
          1
        ]
      },
      {
        "date" : 735313539.329204,
        "title" : "Untitled",
        "transform" : [
          0.80945706,
          4.9901097e-08,
          -0.5871791,
          0,
          -0.29436797,
          0.86525875,
          -0.4058015,
          0,
          0.5080618,
          0.5013256,
          0.7003898,
          0,
          0.7905276,
          0.7500095,
          1.1880281,
          1
        ]
      },
      {
        "date" : 735313534.780458,
        "title" : "Untitled",
        "transform" : [
          0.80945706,
          4.9901097e-08,
          -0.5871791,
          0,
          -0.29436797,
          0.86525875,
          -0.4058015,
          0,
          0.5080618,
          0.5013256,
          0.7003898,
          0,
          0.07905263,
          1.5750006,
          -0.881197,
          1
        ]
      },
      {
        "date" : 735313532.996247,
        "title" : "Untitled",
        "transform" : [
          0.80945706,
          4.9901097e-08,
          -0.5871791,
          0,
          -0.29436797,
          0.86525875,
          -0.4058015,
          0,
          0.5080618,
          0.5013256,
          0.7003898,
          0,
          1.0656841,
          0.8514677,
          2.1461694,
          1
        ]
      },
      {
        "date" : 735313483.190323,
        "title" : "Untitled",
        "transform" : [
          0.80945706,
          4.9901097e-08,
          -0.5871791,
          0,
          -0.29436797,
          0.86525875,
          -0.4058015,
          0,
          0.5080618,
          0.5013256,
          0.7003898,
          0,
          0.5869018,
          0.4689269,
          1.1819551,
          1
        ]
      },
      {
        "date" : 735313414.330747,
        "title" : "Untitled",
        "transform" : [
          0.80945706,
          4.9901097e-08,
          -0.5871791,
          0,
          -0.29436797,
          0.86525875,
          -0.4058015,
          0,
          0.5080618,
          0.5013256,
          0.7003898,
          0,
          0.20862284,
          1.6842444,
          -0.61138695,
          1
        ]
      },
      {
        "date" : 735313345.83565,
        "title" : "Untitled",
        "transform" : [
          0.80945706,
          4.9901097e-08,
          -0.5871791,
          0,
          -0.29436797,
          0.86525875,
          -0.4058015,
          0,
          0.5080618,
          0.5013256,
          0.7003898,
          0,
          0.4504579,
          1.8978202,
          -0.16090769,
          1
        ]
      },
      {
        "date" : 735313344.603976,
        "title" : "Untitled",
        "transform" : [
          0.80945706,
          4.9901097e-08,
          -0.5871791,
          0,
          -0.29436797,
          0.86525875,
          -0.4058015,
          0,
          0.5080618,
          0.5013256,
          0.7003898,
          0,
          0.016055942,
          1.4691781,
          -0.75975347,
          1
        ]
      },
      {
        "date" : 735313337.733109,
        "title" : "Untitled",
        "transform" : [
          0.80945706,
          4.9901097e-08,
          -0.5871791,
          0,
          -0.29436797,
          0.86525875,
          -0.4058015,
          0,
          0.5080618,
          0.5013256,
          0.7003898,
          0,
          0.0790527,
          1.5750009,
          -0.8811973,
          1
        ]
      }
    ],
    "E85BD46A-2E58-41BB-9C61-E72FDC26D69C" : [
      {
        "date" : 735458492.784986,
        "title" : "Untitled",
        "transform" : [
          0.99999994,
          0,
          0,
          0,
          0,
          0.8660254,
          -0.49999988,
          0,
          0,
          0.49999988,
          0.8660254,
          0,
          0.04058376,
          1.6561016,
          -0.40621197,
          1
        ]
      },
      {
        "date" : 735458159.067605,
        "title" : "Untitled",
        "transform" : [
          0.99999994,
          0,
          0,
          0,
          0,
          0.8660254,
          -0.49999988,
          0,
          0,
          0.49999988,
          0.8660254,
          0,
          -0.012024821,
          1.6456877,
          -0.40019953,
          1
        ]
      },
      {
        "date" : 735458155.00937,
        "title" : "Untitled",
        "transform" : [
          0.99999994,
          0,
          -0,
          0,
          -0,
          0.8660254,
          -0.49999988,
          0,
          0,
          0.49999988,
          0.8660254,
          0,
          -1.8626451e-09,
          1.5827265,
          -0.79640937,
          1
        ]
      },
      {
        "date" : 735458014.253076,
        "title" : "Untitled",
        "transform" : [
          0.99999994,
          0,
          0,
          0,
          0,
          0.8660255,
          -0.49999988,
          0,
          0,
          0.49999988,
          0.8660255,
          0,
          -0.021462277,
          0.1454429,
          0.40429702,
          1
        ]
      },
      {
        "date" : 735457831.449679,
        "title" : "Untitled",
        "transform" : [
          0.99999994,
          0,
          -0,
          0,
          -0,
          0.8660255,
          -0.49999988,
          0,
          0,
          0.49999988,
          0.8660255,
          0,
          0,
          0.21142647,
          0.3662014,
          1
        ]
      }
    ],
    "E308D5F6-FB42-4B21-9FB4-B888FF1BBD69" : [
      {
        "date" : 735458564.210831,
        "title" : "Untitled",
        "transform" : [
          1,
          0,
          -0,
          0,
          -0,
          0.86602587,
          -0.4999992,
          0,
          0,
          0.4999992,
          0.86602587,
          0,
          -2.3841858e-07,
          1.582726,
          -0.7964101,
          1
        ]
      },
      {
        "date" : 735458555.44203,
        "title" : "Untitled",
        "transform" : [
          1,
          0,
          -0,
          0,
          -0,
          0.86602587,
          -0.4999992,
          0,
          0,
          0.4999992,
          0.86602587,
          0,
          0,
          3.1604373,
          3.65,
          1
        ]
      }
    ]
  },
  "selectedSceneRelativePath" : "TerrariumCloudScene.usda"
}