{
  "advancedEditorSelectedIdentifier" : "ProjectBrowser",
  "openSceneRelativePaths" : [
    "Immersive.usda",
    "WaterAnimation.usda",
    "TerrariumScene.usda",
    "TerrariumCloudScene.usda",
    "TerrariumSunnyScene.usda",
    "TerrariumRainbowScene.usda",
    "TerrariumRainScene.usda",
    "TerrariumThunderScene.usda"
  ],
  "recentIdentifiers" : {
    "33FC1826-8C65-46F4-A95A-944ED2E64EEA" : [

    ],
    "80BDD26D-7950-405F-AE41-2572C5F11EFA" : [

    ],
    "342353B2-E0C0-4535-89D4-6D7F0122EFEA" : [

    ],
    "AF09ED6F-1707-48FD-8720-65B998362C09" : [

    ],
    "E85BD46A-2E58-41BB-9C61-E72FDC26D69C" : [

    ],
    "E308D5F6-FB42-4B21-9FB4-B888FF1BBD69" : [

    ]
  },
  "sceneCameraHistory" : {
    "21A7285A-1FB4-41A1-AB1B-07E2DEB1F63C" : [
      {
        "date" : 736753553.630573,
        "title" : "Untitled",
        "transform" : [
          -0.9114075,
          4.150038e-08,
          0.411505,
          0,
          0.104569264,
          0.96717423,
          0.23160149,
          0,
          -0.39799705,
          0.2541141,
          -0.8814899,
          0,
          -0.12835786,
          0.103152744,
          -0.23381916,
          1
        ]
      },
      {
        "date" : 736753454.871439,
        "title" : "Untitled",
        "transform" : [
          -0.9114075,
          4.150038e-08,
          0.411505,
          0,
          0.104569264,
          0.96717423,
          0.23160149,
          0,
          -0.39799705,
          0.2541141,
          -0.8814899,
          0,
          -0.038435336,
          0.045738805,
          -0.03465745,
          1
        ]
      },
      {
        "date" : 736753440.77116,
        "title" : "Untitled",
        "transform" : [
          -0.9114075,
          4.150038e-08,
          0.411505,
          0,
          0.104569264,
          0.96717423,
          0.23160149,
          0,
          -0.39799705,
          0.2541141,
          -0.8814899,
          0,
          -0.03614138,
          0.060763866,
          -0.026183099,
          1
        ]
      },
      {
        "date" : 736753432.188007,
        "title" : "Untitled",
        "transform" : [
          -0.91598964,
          4.150038e-08,
          0.4012018,
          0,
          0.10195107,
          0.96717423,
          0.23276588,
          0,
          -0.38803208,
          0.2541141,
          -0.8859216,
          0,
          -0.028394405,
          0.05672776,
          -0.03532189,
          1
        ]
      },
      {
        "date" : 736753430.636718,
        "title" : "Untitled",
        "transform" : [
          -0.91598976,
          4.1500382e-08,
          0.40120187,
          0,
          0.10195107,
          0.96717423,
          0.23276588,
          0,
          -0.38803208,
          0.2541141,
          -0.8859216,
          0,
          -0.0467465,
          0.068746164,
          -0.077221826,
          1
        ]
      },
      {
        "date" : 736753425.120004,
        "title" : "Untitled",
        "transform" : [
          -0.8983543,
          4.170279e-08,
          0.43927178,
          0,
          0.12242497,
          0.96037835,
          0.2503711,
          0,
          -0.42186704,
          0.27869976,
          -0.8627599,
          0,
          -0.055899978,
          0.075397395,
          -0.070955835,
          1
        ]
      },
      {
        "date" : 736753420.936327,
        "title" : "Untitled",
        "transform" : [
          -0.8983543,
          4.170279e-08,
          0.43927178,
          0,
          0.12242497,
          0.96037835,
          0.2503711,
          0,
          -0.42186704,
          0.27869976,
          -0.8627599,
          0,
          -0.04448235,
          0.06785452,
          -0.047605664,
          1
        ]
      },
      {
        "date" : 736753414.521995,
        "title" : "Untitled",
        "transform" : [
          -0.8983543,
          4.170279e-08,
          0.43927178,
          0,
          0.12242497,
          0.96037835,
          0.2503711,
          0,
          -0.42186704,
          0.27869976,
          -0.8627599,
          0,
          -0.0681317,
          0.061395254,
          -0.03812832,
          1
        ]
      },
      {
        "date" : 736744919.891933,
        "title" : "Untitled",
        "transform" : [
          -0.89747447,
          4.170279e-08,
          0.44106662,
          0,
          0.12292519,
          0.96037835,
          0.25012589,
          0,
          -0.42359078,
          0.27869976,
          -0.86191493,
          0,
          -0.11568656,
          0.120977655,
          -0.292229,
          1
        ]
      },
      {
        "date" : 736744097.466784,
        "title" : "Untitled",
        "transform" : [
          -0.89747435,
          3.7738815e-08,
          0.4410666,
          0,
          0.12292518,
          0.9603783,
          0.25012589,
          0,
          -0.42359078,
          0.27869987,
          -0.86191493,
          0,
          -0.12165663,
          0.15123749,
          -0.28448135,
          1
        ]
      }
    ],
    "33FC1826-8C65-46F4-A95A-944ED2E64EEA" : [
      {
        "date" : 736754652.448491,
        "title" : "Untitled",
        "transform" : [
          -0.99968684,
          -5.7491444e-08,
          0.025025906,
          0,
          0.007929419,
          0.94847757,
          0.31674528,
          0,
          -0.023736376,
          0.31684428,
          -0.94818056,
          0,
          -0.03007921,
          0.2565049,
          -0.25166106,
          1
        ]
      },
      {
        "date" : 736753875.350887,
        "title" : "Untitled",
        "transform" : [
          -0.99968684,
          -5.7491444e-08,
          0.025025906,
          0,
          0.007929419,
          0.94847757,
          0.31674528,
          0,
          -0.023736376,
          0.31684428,
          -0.94818056,
          0,
          -0.066847466,
          0.21506843,
          -0.23748347,
          1
        ]
      },
      {
        "date" : 736753855.684256,
        "title" : "Untitled",
        "transform" : [
          -0.91446286,
          -5.750743e-08,
          0.40466985,
          0,
          0.1530165,
          0.92575395,
          0.3457826,
          0,
          -0.37462464,
          0.37812626,
          -0.8465678,
          0,
          -0.16975221,
          0.233435,
          -0.19696842,
          1
        ]
      },
      {
        "date" : 736753854.117458,
        "title" : "Untitled",
        "transform" : [
          -0.8132366,
          -6.944347e-08,
          0.5819332,
          0,
          -0.008197169,
          0.9999007,
          -0.011455501,
          0,
          -0.5818754,
          -0.01408652,
          -0.81315595,
          0,
          -0.2032905,
          0.1471307,
          -0.16848665,
          1
        ]
      },
      {
        "date" : 736753849.636627,
        "title" : "Untitled",
        "transform" : [
          -0.99999034,
          -7.2700395e-08,
          -0.0043960977,
          0,
          -0.0003975413,
          0.99590063,
          0.090452515,
          0,
          0.0043781744,
          0.09045312,
          -0.99589103,
          0,
          -0.08210924,
          0.16922753,
          -0.21570404,
          1
        ]
      },
      {
        "date" : 736753831.601243,
        "title" : "Untitled",
        "transform" : [
          -0.1930366,
          -7.26991e-08,
          0.9811914,
          0,
          0.07554552,
          0.9970314,
          0.014862493,
          0,
          -0.97827893,
          0.07699336,
          -0.19246371,
          0,
          -0.28770894,
          0.16634709,
          -0.038035218,
          1
        ]
      },
      {
        "date" : 736753825.199441,
        "title" : "Untitled",
        "transform" : [
          -0.26383993,
          -6.7227596e-08,
          0.96456647,
          0,
          0.9639789,
          0.034899462,
          0.26367906,
          0,
          -0.033663116,
          0.99939084,
          -0.009207982,
          0,
          -0.14938992,
          0.42184383,
          -0.016234001,
          1
        ]
      },
      {
        "date" : 736753819.900067,
        "title" : "Untitled",
        "transform" : [
          -0.5260168,
          -4.0985572e-08,
          0.8504742,
          0,
          0.4038909,
          0.88003933,
          0.24980567,
          0,
          -0.7484508,
          0.4749005,
          -0.4629155,
          0,
          -0.2733433,
          0.2666197,
          -0.11239312,
          1
        ]
      },
      {
        "date" : 736753769.365601,
        "title" : "Untitled",
        "transform" : [
          -0.07898507,
          -4.3152127e-08,
          0.9968758,
          0,
          0.1507523,
          0.9884994,
          0.011944387,
          0,
          -0.9854111,
          0.15122452,
          -0.078076705,
          0,
          -0.28880534,
          0.17477545,
          0.013762914,
          1
        ]
      },
      {
        "date" : 736753760.365832,
        "title" : "Untitled",
        "transform" : [
          0.3061447,
          -4.3626716e-08,
          0.951985,
          0,
          0.1944204,
          0.9789237,
          -0.06252293,
          0,
          -0.9319207,
          0.20422612,
          0.29969233,
          0,
          -0.23917586,
          0.18895394,
          0.11070307,
          1
        ]
      }
    ],
    "80BDD26D-7950-405F-AE41-2572C5F11EFA" : [
      {
        "date" : 736753163.386757,
        "title" : "Untitled",
        "transform" : [
          0.9716693,
          6.3005956e-09,
          0.23634478,
          0,
          0.119269006,
          0.8633298,
          -0.49034312,
          0,
          -0.20404351,
          0.50464,
          0.8388712,
          0,
          -0.054077942,
          0.19618453,
          0.28164703,
          1
        ]
      },
      {
        "date" : 736753160.72269,
        "title" : "Untitled",
        "transform" : [
          0.9716693,
          6.3005956e-09,
          0.23634478,
          0,
          0.119269006,
          0.8633298,
          -0.49034312,
          0,
          -0.20404351,
          0.50464,
          0.8388712,
          0,
          -0.011957029,
          0.12572134,
          0.06719885,
          1
        ]
      },
      {
        "date" : 736744926.043281,
        "title" : "Untitled",
        "transform" : [
          0.9716693,
          6.3005956e-09,
          0.23634478,
          0,
          0.119269006,
          0.8633298,
          -0.49034312,
          0,
          -0.20404351,
          0.50464,
          0.8388712,
          0,
          -0.056648314,
          0.20048454,
          0.29473346,
          1
        ]
      },
      {
        "date" : 736744121.330327,
        "title" : "Untitled",
        "transform" : [
          0.9716692,
          9.996479e-09,
          0.23634477,
          0,
          0.119269036,
          0.8633298,
          -0.49034315,
          0,
          -0.20404355,
          0.50464,
          0.8388712,
          0,
          -0.0805943,
          0.1817278,
          0.48090398,
          1
        ]
      },
      {
        "date" : 736744117.563414,
        "title" : "Untitled",
        "transform" : [
          0.9716692,
          9.996479e-09,
          0.23634477,
          0,
          0.119269036,
          0.8633298,
          -0.49034315,
          0,
          -0.20404355,
          0.50464,
          0.8388712,
          0,
          -0.043789644,
          0.28374347,
          0.42848662,
          1
        ]
      },
      {
        "date" : 736744115.184283,
        "title" : "Untitled",
        "transform" : [
          0.9716692,
          9.996479e-09,
          0.23634477,
          0,
          0.119269036,
          0.8633298,
          -0.49034315,
          0,
          -0.20404355,
          0.50464,
          0.8388712,
          0,
          -0.03134858,
          0.20312917,
          0.3067494,
          1
        ]
      },
      {
        "date" : 736744108.034624,
        "title" : "Untitled",
        "transform" : [
          0.9716692,
          9.996479e-09,
          0.23634477,
          0,
          0.119269036,
          0.8633298,
          -0.49034315,
          0,
          -0.20404355,
          0.50464,
          0.8388712,
          0,
          -0.060465656,
          0.125269,
          0.34650546,
          1
        ]
      },
      {
        "date" : 736743110.047642,
        "title" : "Untitled",
        "transform" : [
          0.9716692,
          9.996479e-09,
          0.23634477,
          0,
          0.119269036,
          0.8633298,
          -0.49034315,
          0,
          -0.20404355,
          0.50464,
          0.8388712,
          0,
          -0.008636916,
          0.2605157,
          0.27775168,
          1
        ]
      },
      {
        "date" : 736742998.940086,
        "title" : "Untitled",
        "transform" : [
          0.99354947,
          1.5579824e-08,
          0.11339925,
          0,
          0.028653234,
          0.967551,
          -0.25104582,
          0,
          -0.10971959,
          0.25267565,
          0.9613099,
          0,
          0.022321628,
          0.18450248,
          0.30062675,
          1
        ]
      },
      {
        "date" : 736742981.90661,
        "title" : "Untitled",
        "transform" : [
          0.1862583,
          1.5575694e-08,
          -0.98250073,
          0,
          -0.2984626,
          0.95274264,
          -0.056581266,
          0,
          0.9360705,
          0.30377844,
          0.17745627,
          0,
          0.30770522,
          0.20036507,
          0.0040520458,
          1
        ]
      }
    ],
    "549D2E12-3E81-48FB-8E20-AFE009576E99" : [
      {
        "date" : 736748692.431527,
        "title" : "Untitled",
        "transform" : [
          0.9998938,
          0,
          -0.014571627,
          0,
          -0.007285824,
          0.8660249,
          -0.49994764,
          0,
          0.012619393,
          0.5000007,
          0.865933,
          0,
          -0.010127904,
          1.5910711,
          -0.8143325,
          1
        ]
      },
      {
        "date" : 735313189.011925,
        "title" : "Untitled",
        "transform" : [
          0.99999994,
          0,
          -0,
          0,
          -0,
          0.8660249,
          -0.5000007,
          0,
          0,
          0.5000007,
          0.8660249,
          0,
          0,
          1.5680947,
          -0.88267016,
          1
        ]
      },
      {
        "date" : 735312738.066666,
        "title" : "Untitled",
        "transform" : [
          1,
          0,
          -0,
          0,
          -0,
          0.8660249,
          -0.5000008,
          0,
          0,
          0.5000008,
          0.8660249,
          0,
          0,
          2.8725023,
          3.1686723,
          1
        ]
      }
    ],
    "638D3911-F403-4EA4-A913-761096C695F8" : [
      {
        "date" : 735458489.987161,
        "title" : "Untitled",
        "transform" : [
          0.99999994,
          0,
          0,
          0,
          0,
          0.8660254,
          -0.49999988,
          0,
          0,
          0.49999988,
          0.8660254,
          0,
          -0.029855736,
          0.20886706,
          0.30392292,
          1
        ]
      },
      {
        "date" : 735458484.441818,
        "title" : "Untitled",
        "transform" : [
          0.99999994,
          0,
          -0,
          0,
          -0,
          0.8660254,
          -0.49999988,
          0,
          0,
          0.49999988,
          0.8660254,
          0,
          0,
          0.18381922,
          0.3183843,
          1
        ]
      }
    ],
    "342353B2-E0C0-4535-89D4-6D7F0122EFEA" : [
      {
        "date" : 736854674.006042,
        "title" : "Untitled",
        "transform" : [
          -0.66119534,
          8.340243e-09,
          -0.7502138,
          0,
          -0.2089781,
          0.9604194,
          0.18418139,
          0,
          0.7205201,
          0.27855772,
          -0.6350248,
          0,
          0.2825582,
          0.2910935,
          -0.24986964,
          1
        ]
      },
      {
        "date" : 736854671.231696,
        "title" : "Untitled",
        "transform" : [
          -0.66119534,
          8.340243e-09,
          -0.7502138,
          0,
          -0.2089781,
          0.9604194,
          0.18418139,
          0,
          0.7205201,
          0.27855772,
          -0.6350248,
          0,
          0.058739327,
          0.20456363,
          -0.052608546,
          1
        ]
      },
      {
        "date" : 736854578.756054,
        "title" : "Untitled",
        "transform" : [
          -0.66119534,
          8.340243e-09,
          -0.7502138,
          0,
          -0.2089781,
          0.9604194,
          0.18418139,
          0,
          0.7205201,
          0.27855772,
          -0.6350248,
          0,
          0.03095096,
          0.19382046,
          -0.028117444,
          1
        ]
      },
      {
        "date" : 736854474.046336,
        "title" : "Untitled",
        "transform" : [
          -0.66119534,
          8.340243e-09,
          -0.7502138,
          0,
          -0.2089781,
          0.9604194,
          0.18418139,
          0,
          0.7205201,
          0.27855772,
          -0.6350248,
          0,
          0.19422266,
          0.23029615,
          -0.15870562,
          1
        ]
      },
      {
        "date" : 736854470.248489,
        "title" : "Untitled",
        "transform" : [
          -0.66119534,
          8.340243e-09,
          -0.7502138,
          0,
          -0.2089781,
          0.9604194,
          0.18418139,
          0,
          0.7205201,
          0.27855772,
          -0.6350248,
          0,
          0.29222715,
          0.23613112,
          -0.21682636,
          1
        ]
      },
      {
        "date" : 736854113.595209,
        "title" : "Untitled",
        "transform" : [
          -0.46061927,
          2.4104003e-09,
          -0.88759786,
          0,
          -0.047596104,
          0.99856126,
          0.02470009,
          0,
          0.8863209,
          0.053623106,
          -0.45995638,
          0,
          0.26328993,
          0.17339228,
          -0.12519276,
          1
        ]
      },
      {
        "date" : 736854089.126912,
        "title" : "Untitled",
        "transform" : [
          -0.43631017,
          2.3440647e-09,
          -0.8997963,
          0,
          -0.063915625,
          0.99747396,
          0.03099268,
          0,
          0.89752346,
          0.07103304,
          -0.43520787,
          0,
          0.29951358,
          0.2296879,
          -0.045167536,
          1
        ]
      },
      {
        "date" : 736854027.54482,
        "title" : "Untitled",
        "transform" : [
          -0.9949992,
          3.7754988e-10,
          0.09988303,
          0,
          -0.000495504,
          0.9999877,
          -0.004936623,
          0,
          -0.099881664,
          -0.004961856,
          -0.9949869,
          0,
          0.04068082,
          0.2057087,
          -0.32179636,
          1
        ]
      },
      {
        "date" : 736853950.177857,
        "title" : "Untitled",
        "transform" : [
          -0.9949992,
          3.7754988e-10,
          0.09988303,
          0,
          -0.00049550395,
          0.9999876,
          -0.0049366225,
          0,
          -0.099881664,
          -0.004961856,
          -0.9949869,
          0,
          0.061599255,
          0.16060776,
          -0.30704004,
          1
        ]
      },
      {
        "date" : 736853424.791858,
        "title" : "Untitled",
        "transform" : [
          -0.20594995,
          1.2723163e-09,
          0.97856253,
          0,
          0.13765733,
          0.9900561,
          0.028971538,
          0,
          -0.96883184,
          0.14067256,
          -0.20390213,
          0,
          -0.3066659,
          0.24209608,
          -0.11903455,
          1
        ]
      }
    ],
    "AF09ED6F-1707-48FD-8720-65B998362C09" : [
      {
        "date" : 735313554.455273,
        "title" : "Untitled",
        "transform" : [
          0.80945706,
          4.9901097e-08,
          -0.5871791,
          0,
          -0.29436797,
          0.86525875,
          -0.4058015,
          0,
          0.5080618,
          0.5013256,
          0.7003898,
          0,
          0.14799882,
          1.6610887,
          -0.6407293,
          1
        ]
      },
      {
        "date" : 735313547.881152,
        "title" : "Untitled",
        "transform" : [
          0.80945706,
          4.9901097e-08,
          -0.5871791,
          0,
          -0.29436797,
          0.86525875,
          -0.4058015,
          0,
          0.5080618,
          0.5013256,
          0.7003898,
          0,
          0.56577843,
          2.115819,
          0.37344074,
          1
        ]
      },
      {
        "date" : 735313539.329204,
        "title" : "Untitled",
        "transform" : [
          0.80945706,
          4.9901097e-08,
          -0.5871791,
          0,
          -0.29436797,
          0.86525875,
          -0.4058015,
          0,
          0.5080618,
          0.5013256,
          0.7003898,
          0,
          0.7905276,
          0.7500095,
          1.1880281,
          1
        ]
      },
      {
        "date" : 735313534.780458,
        "title" : "Untitled",
        "transform" : [
          0.80945706,
          4.9901097e-08,
          -0.5871791,
          0,
          -0.29436797,
          0.86525875,
          -0.4058015,
          0,
          0.5080618,
          0.5013256,
          0.7003898,
          0,
          0.07905263,
          1.5750006,
          -0.881197,
          1
        ]
      },
      {
        "date" : 735313532.996247,
        "title" : "Untitled",
        "transform" : [
          0.80945706,
          4.9901097e-08,
          -0.5871791,
          0,
          -0.29436797,
          0.86525875,
          -0.4058015,
          0,
          0.5080618,
          0.5013256,
          0.7003898,
          0,
          1.0656841,
          0.8514677,
          2.1461694,
          1
        ]
      },
      {
        "date" : 735313483.190323,
        "title" : "Untitled",
        "transform" : [
          0.80945706,
          4.9901097e-08,
          -0.5871791,
          0,
          -0.29436797,
          0.86525875,
          -0.4058015,
          0,
          0.5080618,
          0.5013256,
          0.7003898,
          0,
          0.5869018,
          0.4689269,
          1.1819551,
          1
        ]
      },
      {
        "date" : 735313414.330747,
        "title" : "Untitled",
        "transform" : [
          0.80945706,
          4.9901097e-08,
          -0.5871791,
          0,
          -0.29436797,
          0.86525875,
          -0.4058015,
          0,
          0.5080618,
          0.5013256,
          0.7003898,
          0,
          0.20862284,
          1.6842444,
          -0.61138695,
          1
        ]
      },
      {
        "date" : 735313345.83565,
        "title" : "Untitled",
        "transform" : [
          0.80945706,
          4.9901097e-08,
          -0.5871791,
          0,
          -0.29436797,
          0.86525875,
          -0.4058015,
          0,
          0.5080618,
          0.5013256,
          0.7003898,
          0,
          0.4504579,
          1.8978202,
          -0.16090769,
          1
        ]
      },
      {
        "date" : 735313344.603976,
        "title" : "Untitled",
        "transform" : [
          0.80945706,
          4.9901097e-08,
          -0.5871791,
          0,
          -0.29436797,
          0.86525875,
          -0.4058015,
          0,
          0.5080618,
          0.5013256,
          0.7003898,
          0,
          0.016055942,
          1.4691781,
          -0.75975347,
          1
        ]
      },
      {
        "date" : 735313337.733109,
        "title" : "Untitled",
        "transform" : [
          0.80945706,
          4.9901097e-08,
          -0.5871791,
          0,
          -0.29436797,
          0.86525875,
          -0.4058015,
          0,
          0.5080618,
          0.5013256,
          0.7003898,
          0,
          0.0790527,
          1.5750009,
          -0.8811973,
          1
        ]
      }
    ],
    "E85BD46A-2E58-41BB-9C61-E72FDC26D69C" : [
      {
        "date" : 735458492.784986,
        "title" : "Untitled",
        "transform" : [
          0.99999994,
          0,
          0,
          0,
          0,
          0.8660254,
          -0.49999988,
          0,
          0,
          0.49999988,
          0.8660254,
          0,
          0.04058376,
          1.6561016,
          -0.40621197,
          1
        ]
      },
      {
        "date" : 735458159.067605,
        "title" : "Untitled",
        "transform" : [
          0.99999994,
          0,
          0,
          0,
          0,
          0.8660254,
          -0.49999988,
          0,
          0,
          0.49999988,
          0.8660254,
          0,
          -0.012024821,
          1.6456877,
          -0.40019953,
          1
        ]
      },
      {
        "date" : 735458155.00937,
        "title" : "Untitled",
        "transform" : [
          0.99999994,
          0,
          -0,
          0,
          -0,
          0.8660254,
          -0.49999988,
          0,
          0,
          0.49999988,
          0.8660254,
          0,
          -1.8626451e-09,
          1.5827265,
          -0.79640937,
          1
        ]
      },
      {
        "date" : 735458014.253076,
        "title" : "Untitled",
        "transform" : [
          0.99999994,
          0,
          0,
          0,
          0,
          0.8660255,
          -0.49999988,
          0,
          0,
          0.49999988,
          0.8660255,
          0,
          -0.021462277,
          0.1454429,
          0.40429702,
          1
        ]
      },
      {
        "date" : 735457831.449679,
        "title" : "Untitled",
        "transform" : [
          0.99999994,
          0,
          -0,
          0,
          -0,
          0.8660255,
          -0.49999988,
          0,
          0,
          0.49999988,
          0.8660255,
          0,
          0,
          0.21142647,
          0.3662014,
          1
        ]
      }
    ],
    "E308D5F6-FB42-4B21-9FB4-B888FF1BBD69" : [
      {
        "date" : 736753153.537194,
        "title" : "Untitled",
        "transform" : [
          -0.9529599,
          2.1447514e-08,
          -0.3030965,
          0,
          -0.011391656,
          0.99929345,
          0.03581636,
          0,
          0.30288237,
          0.037584323,
          -0.95228654,
          0,
          0.39501125,
          0.24690056,
          -1.7006648,
          1
        ]
      },
      {
        "date" : 736753151.006296,
        "title" : "Untitled",
        "transform" : [
          -0.9529599,
          2.1447514e-08,
          -0.3030965,
          0,
          -0.011391656,
          0.99929345,
          0.03581636,
          0,
          0.30288237,
          0.037584323,
          -0.95228654,
          0,
          0.15638283,
          0.25265494,
          -0.8331397,
          1
        ]
      },
      {
        "date" : 736744915.94152,
        "title" : "Untitled",
        "transform" : [
          -0.95286727,
          2.1447512e-08,
          -0.30338728,
          0,
          -0.011402586,
          0.99929345,
          0.03581288,
          0,
          0.30317295,
          0.037584323,
          -0.9521941,
          0,
          0.8455532,
          0.23605934,
          -3.3348103,
          1
        ]
      },
      {
        "date" : 736744245.157609,
        "title" : "Untitled",
        "transform" : [
          -0.9528673,
          2.0757783e-08,
          -0.30338725,
          0,
          -0.011402513,
          0.99929345,
          0.0358129,
          0,
          0.30317283,
          0.037584215,
          -0.9521941,
          0,
          1.0436832,
          0.34707367,
          -2.283423,
          1
        ]
      },
      {
        "date" : 736744237.600982,
        "title" : "Untitled",
        "transform" : [
          -0.7598297,
          3.0320585e-08,
          -0.6501221,
          0,
          -0.2977421,
          0.88896316,
          0.34798598,
          0,
          0.5779346,
          0.45797876,
          -0.6754607,
          0,
          1.6909127,
          1.245784,
          -1.7993302,
          1
        ]
      },
      {
        "date" : 736744220.483015,
        "title" : "Untitled",
        "transform" : [
          -0.99815995,
          4.4497657e-08,
          -0.060636107,
          0,
          -0.012405746,
          0.9788468,
          0.20421842,
          0,
          0.059353452,
          0.20459484,
          -0.97704566,
          0,
          0.08490783,
          0.5062659,
          -2.4507604,
          1
        ]
      },
      {
        "date" : 736744138.722687,
        "title" : "Untitled",
        "transform" : [
          -0.99815995,
          4.4497657e-08,
          -0.060636107,
          0,
          -0.012405746,
          0.9788468,
          0.20421842,
          0,
          0.059353452,
          0.20459484,
          -0.97704566,
          0,
          0.09062603,
          0.29521286,
          -6.036839,
          1
        ]
      },
      {
        "date" : 736744135.198711,
        "title" : "Untitled",
        "transform" : [
          -0.99815995,
          4.4497657e-08,
          -0.060636107,
          0,
          -0.012405746,
          0.9788468,
          0.20421842,
          0,
          0.059353452,
          0.20459484,
          -0.97704566,
          0,
          0.110254504,
          -0.23116529,
          -4.0948443,
          1
        ]
      },
      {
        "date" : 736743805.370822,
        "title" : "Untitled",
        "transform" : [
          -0.9999059,
          4.5242636e-08,
          0.013721296,
          0,
          0.007455494,
          0.8395092,
          0.54329437,
          0,
          -0.01151915,
          0.54334545,
          -0.83943015,
          0,
          -0.19340572,
          3.985096,
          -5.8070316,
          1
        ]
      },
      {
        "date" : 736743757.836033,
        "title" : "Untitled",
        "transform" : [
          -0.10632798,
          4.5748788e-08,
          -0.9943312,
          0,
          -0.3574985,
          0.933131,
          0.0382289,
          0,
          0.9278411,
          0.35953665,
          -0.09921793,
          0,
          6.004457,
          2.7697098,
          -0.8974596,
          1
        ]
      }
    ]
  },
  "selectedSceneRelativePath" : "WaterAnimation.usda"
}